1000
0 6964.69 6965.69 1060.65 1061.65
1 2861.39 2862.39 7454.71 7455.71
2 2268.51 2269.51 5723.14 5724.14
3 5513.15 5514.15 4582.41 4583.41
4 7194.69 7195.69 3847.06 3848.06
5 4231.06 4232.06 2739.89 2740.89
6 9807.64 9808.64 6679.62 6680.62
7 6848.30 6849.30 3954.75 3955.75
8 4809.32 4810.32 2815.73 2816.73
9 3921.18 3922.18 7799.20 7800.20
10 3431.78 3432.78 5990.94 5991.94
11 7290.50 7291.50 1229.46 1230.46
12 4385.72 4386.72 3895.74 3896.74
13 596.78 597.78 9749.88 9750.88
14 3980.44 3981.44 4675.99 4676.99
15 7379.95 7380.95 1401.71 1402.71
16 1824.92 1825.92 420.69 421.69
17 1754.52 1755.52 7279.96 7280.96
18 5315.51 5316.51 6156.06 6157.06
19 5318.28 5319.28 9027.32 9028.32
20 6344.01 6345.01 6226.33 6227.33
21 8494.32 8495.32 2601.22 2602.22
22 7244.55 7245.55 5555.18 5556.18
23 6110.24 6111.24 4049.86 4050.86
24 7224.43 7225.43 1417.56 1418.56
25 3229.59 3230.59 5777.46 5778.46
26 3617.89 3618.89 5265.21 5266.21
27 2282.63 2283.63 9385.69 9386.69
28 2937.14 2938.14 9588.79 9589.79
29 6309.76 6310.76 9844.32 9845.32
30 921.05 922.05 2309.56 2310.56
31 4337.01 4338.01 970.79 971.79
32 4308.63 4309.63 2457.49 2458.49
33 4936.85 4937.85 6907.58 6908.58
34 4258.30 4259.30 1974.32 1975.32
35 3122.61 3123.61 8295.27 8296.27
36 4263.51 4264.51 3461.27 3462.27
37 8933.89 8934.89 5140.15 5141.15
38 9441.60 9442.60 6611.58 6612.58
39 5018.37 5019.37 9336.24 9337.24
40 6239.53 6240.53 669.01 670.01
41 1156.18 1157.18 7468.90 7469.90
42 3172.85 3173.85 3902.83 3903.83
43 4148.26 4149.26 5357.58 5358.58
44 8663.09 8664.09 604.29 605.29
45 2504.55 2505.55 8913.56 8914.56
46 4830.34 4831.34 7778.74 7779.74
47 9855.60 9856.60 6701.20 6702.20
48 5194.85 5195.85 7350.53 7351.53
49 6128.95 6129.95 6637.00 6638.00
50 1206.29 1207.29 1817.66 1818.66
51 8263.41 8264.41 8629.98 8630.98
52 6030.60 6031.60 4514.29 4515.29
53 5450.68 5451.68 6497.30 6498.30
54 3427.64 3428.64 1593.72 1594.72
55 3041.21 3042.21 4059.82 4060.82
56 4170.22 4171.22 7988.52 7989.52
57 6813.01 6814.01 7291.54 7292.54
58 8754.57 8755.57 709.04 710.04
59 5104.22 5105.22 7697.13 7698.13
60 6693.14 6694.14 4972.16 4973.16
61 5859.37 5860.37 7669.22 7670.22
62 6249.04 6250.04 6797.59 6798.59
63 6746.89 6747.89 1302.61 1303.61
64 8423.42 8424.42 6587.44 6588.44
65 831.95 832.95 2453.29 2454.29
66 7636.83 7637.83 2454.52 2455.52
67 2436.66 2437.66 8379.56 8380.56
68 1942.23 1943.23 1054.91 1055.91
69 5724.57 5725.57 7264.32 7265.32
70 957.13 958.13 9456.86 9457.86
71 8853.27 8854.27 7216.65 7217.65
72 6272.49 6273.49 1438.98 1439.98
73 7234.16 7235.16 7930.53 7931.53
74 161.29 162.29 7089.53 7090.53
75 5944.32 5945.32 9724.70 9725.70
76 5567.85 5568.85 9775.16 9776.16
77 1589.60 1590.60 4999.99 5000.99
78 1530.71 1531.71 6556.92 6557.92
79 6955.30 6956.30 2687.68 2688.68
80 3187.66 3188.66 6324.90 6325.90
81 6919.70 6920.70 8520.13 8521.13
82 5543.83 5544.83 5689.62 5690.62
83 3889.51 3890.51 233.86 234.86
84 9251.32 9252.32 5546.46 5547.46
85 8416.70 8417.70 3686.00 3687.00
86 3573.98 3574.98 9603.11 9604.11
87 435.91 436.91 3912.35 3913.35
88 3047.68 3048.68 380.73 381.73
89 3981.86 3982.86 8921.24 8922.24
90 7049.59 7050.59 1438.76 1439.76
91 9953.58 9954.58 6385.87 6386.87
92 3559.15 3560.15 1000.37 1001.37
93 7625.48 7626.48 8906.63 8907.63
94 5931.77 5932.77 668.11 669.11
95 6917.02 6918.02 7458.64 7459.64
96 1511.27 1512.27 4545.23 4546.23
97 3988.76 3989.76 5472.46 5473.46
98 2408.56 2409.56 6496.48 6497.48
99 3434.56 3435.56 7818.36 7819.36
100 5131.28 5132.28 6608.36 6609.36
101 6666.25 6667.25 7771.13 7772.13
102 1059.08 1060.08 2458.86 2459.86
103 1308.95 1309.95 134.57 135.57
104 3219.81 3220.81 3558.45 3559.45
105 6615.64 6616.64 8038.82 8039.82
106 8465.06 8466.06 279.93 280.93
107 5532.57 5533.57 7367.72 7368.72
108 8544.52 8545.52 5275.50 5276.50
109 3848.38 3849.38 9052.32 9053.32
110 3167.88 3168.88 5431.10 5432.10
111 3542.65 3543.65 5367.80 5368.80
112 1710.82 1711.82 4131.24 4132.24
113 8291.13 8292.13 7752.34 7753.34
114 3386.71 3387.71 1096.69 1097.69
115 5523.70 5524.70 1366.46 1367.46
116 5785.51 5786.51 7828.74 7829.74
117 5215.33 5216.33 9083.97 9084.97
118 26.88 27.88 5247.59 5248.59
119 9883.45 9884.45 7493.59 7494.59
120 9053.42 9054.42 1927.52 1928.52
121 2076.36 2077.36 71.91 72.91
122 2924.89 2925.89 6087.98 6088.98
123 5200.10 5201.10 3441.36 3442.36
124 9019.11 9020.11 4690.99 4691.99
125 9836.31 9837.31 4192.49 4193.49
126 2575.42 2576.42 7072.91 7073.91
127 5643.59 5644.59 1993.29 1994.29
128 8069.69 8070.69 5303.85 5304.85
129 3943.70 3944.70 6513.84 6514.84
130 7310.73 7311.73 668.63 669.63
131 1610.69 1611.69 9717.93 9718.93
132 6006.99 6007.99 6570.22 6571.22
133 8658.64 8659.64 1178.67 1179.67
134 9835.22 9836.22 3154.07 3155.07
135 793.66 794.66 8892.30 8893.30
136 4283.47 4284.47 5564.09 5565.09
137 2045.43 2046.43 9104.78 9105.78
138 4506.36 4507.36 2846.66 2847.66
139 5477.64 5478.64 934.67 935.67
140 933.27 934.27 8895.31 8896.31
141 2968.61 2969.61 9919.34 9920.34
142 9275.84 9276.84 1832.25 1833.25
143 5690.04 5691.04 8185.46 8186.46
144 4574.12 4575.12 5663.91 5664.91
145 7535.26 7536.26 142.08 143.08
146 7418.62 7419.62 2967.31 2968.31
147 485.79 486.79 6347.74 6348.74
148 7086.97 7087.97 6801.96 6802.96
149 8392.43 8393.43 3960.11 3961.11
150 1659.38 1660.38 3437.42 3438.42
151 7809.98 7810.98 7216.89 7217.89
152 2865.37 2866.37 6152.57 6153.57
153 3064.70 3065.70 7667.95 7668.95
154 6652.61 6653.61 5860.85 5861.85
155 1113.92 1114.92 4276.81 4277.81
156 6648.72 6649.72 7933.93 7934.93
157 8878.57 8879.57 1313.07 1314.07
158 6963.11 6964.11 6876.42 6877.42
159 4403.28 4404.28 531.28 532.28
160 4382.14 4383.14 261.13 262.13
161 7650.96 7651.96 2982.24 2983.24
162 5656.42 5657.42 7618.37 7619.37
163 849.04 850.04 3331.73 3332.73
164 5826.71 5827.71 5468.19 5469.19
165 8148.44 8149.44 1570.71 1571.71
166 3370.66 3371.66 2859.21 2860.21
167 9275.77 9276.77 1528.66 1529.66
168 7507.17 7508.17 9368.96 9369.96
169 5740.64 5741.64 3506.71 3507.71
170 7516.44 7517.44 4336.49 4337.49
171 791.49 792.49 893.49 894.49
172 8593.89 8594.89 4117.28 4118.28
173 8215.04 8216.04 5850.26 5851.26
174 9098.72 9099.72 7073.04 7074.04
175 1286.31 1287.31 8598.35 8599.35
176 817.80 818.80 887.88 888.88
177 1384.16 1385.16 2671.12 2672.12
178 3993.79 3994.79 8002.49 8003.49
179 4243.07 4244.07 1942.23 1943.23
180 5622.18 5623.18 8312.04 8313.04
181 1222.44 1223.44 5198.72 5199.72
182 2014.00 2015.00 4011.14 4012.14
183 8116.44 8117.44 9837.58 9838.58
184 4679.88 4680.88 7770.34 7771.34
185 8079.38 8080.38 378.19 379.19
186 74.26 75.26 7042.31 7043.31
187 5515.93 5516.93 6898.08 6899.08
188 9319.32 9320.32 1710.23 1711.23
189 5821.75 5822.75 4215.39 4216.39
190 2060.96 2061.96 7278.25 7279.25
191 7177.58 7178.58 8030.21 8031.21
192 3789.86 3790.86 9101.72 9102.72
193 6683.84 6684.84 199.64 200.64
194 293.20 294.20 1376.85 1377.85
195 6359.00 6360.00 5566.90 5567.90
196 321.98 322.98 1799.14 1800.14
197 7447.81 7448.81 6720.10 6721.10
198 4729.13 4730.13 7733.33 7734.33
199 1217.54 1218.54 2088.13 2089.13
200 5426.36 5427.36 370.49 371.49
201 667.74 668.74 2318.63 2319.63
202 6533.65 6534.65 5194.74 5195.74
203 9960.86 9961.86 488.72 489.72
204 7693.97 7694.97 129.03 130.03
205 5737.74 5738.74 7268.08 7269.08
206 1026.35 1027.35 7399.66 7400.66
207 6998.34 6999.34 6120.12 6121.12
208 6611.68 6612.68 4799.66 4800.66
209 490.97 491.97 446.01 447.01
210 7922.99 7923.99 3899.57 3900.57
211 5187.17 5188.17 7136.87 7137.87
212 4258.68 4259.68 5420.08 5421.08
213 7881.87 7882.87 9137.48 9138.48
214 4115.69 4116.69 194.50 195.50
215 4810.26 4811.26 8772.90 8773.90
216 1816.29 1817.29 6336.98 6337.98
217 3213.19 3214.19 9485.80 9486.80
218 8455.33 8456.33 5828.62 5829.62
219 1869.04 1870.04 2594.39 2595.39
220 4172.91 4173.91 5001.52 5002.52
221 9890.35 9891.35 1426.51 1427.51
222 2366.00 2367.00 7365.87 7366.87
223 9168.32 9169.32 5291.21 5292.21
224 9183.97 9184.97 4376.83 4377.83
225 912.96 913.96 9613.43 9614.43
226 4636.53 4637.53 9233.31 9234.31
227 5022.16 5023.16 444.08 445.08
228 3136.69 3137.69 7894.68 7895.68
229 473.40 474.40 103.86 104.86
230 2416.86 2417.86 3075.33 3076.33
231 955.30 956.30 1851.30 1852.30
232 2382.50 2383.50 6594.28 6595.28
233 8077.91 8078.91 4692.02 4693.02
234 8949.78 8950.78 5287.55 5288.55
235 432.23 433.23 1685.89 1686.89
236 3019.47 3020.47 98.66 99.66
237 9805.82 9806.82 6983.27 6984.27
238 5395.05 5396.05 4512.41 4513.41
239 6263.09 6264.09 7567.21 7568.21
240 55.45 56.45 8841.28 8842.28
241 4849.09 4850.09 9558.56 9559.56
242 9883.29 9884.29 2896.59 2897.59
243 3751.86 3752.86 3667.62 3668.62
244 970.38 971.38 2127.73 2128.73
245 4619.09 4620.09 2055.10 2056.10
246 9630.04 9631.04 4320.62 4321.62
247 3418.31 3419.31 6940.70 6941.70
248 7989.23 7990.23 9557.68 9558.68
249 7988.46 7989.46 7280.61 7281.61
250 2082.48 2083.48 6812.34 6813.34
251 4433.68 4434.68 4026.65 4027.65
252 7156.01 7157.01 2205.96 2206.96
253 4105.20 4106.20 5844.30 5845.30
254 1910.07 1911.07 2021.05 2022.05
255 9674.94 9675.94 634.48 635.48
256 6507.50 6508.50 6961.87 6962.87
257 8654.60 8655.60 1252.33 1253.33
258 252.42 253.42 3263.71 3264.71
259 2669.06 2670.06 4482.71 4483.71
260 5020.71 5021.71 6220.04 6221.04
261 674.49 675.49 8451.99 8452.99
262 9930.33 9931.33 6880.37 6881.37
263 2364.62 2365.62 2365.98 2366.98
264 3742.92 3743.92 3520.90 3521.90
265 2140.12 2141.12 2761.03 2762.03
266 1054.46 1055.46 4992.66 4993.66
267 2324.80 2325.80 38.07 39.07
268 3006.10 3007.10 7571.60 7572.60
269 6344.42 6345.42 3816.10 3817.10
270 2812.35 2813.35 5264.51 5265.51
271 3622.77 3623.77 6780.77 6781.77
272 59.43 60.43 5892.11 5893.11
273 3657.19 3658.19 9000.05 9001.05
274 5338.86 5339.86 2041.97 2042.97
275 1620.16 1621.16 6386.33 6387.33
276 5974.33 5975.33 7740.02 7741.02
277 2931.52 2932.52 5155.16 5156.16
278 6320.50 6321.50 1006.97 1007.97
279 261.97 262.97 7047.22 7048.22
280 8875.93 8876.93 5989.57 5990.57
281 161.19 162.19 7384.88 7385.88
282 1269.58 1270.58 1739.98 1740.98
283 7771.62 7772.62 7644.04 7645.04
284 458.95 459.95 5267.02 5268.02
285 7109.99 7110.99 9820.85 9821.85
286 9710.46 9711.46 9655.28 9656.28
287 8716.83 8717.83 0.13 1.13
288 7101.62 7102.62 7719.92 7720.92
289 9585.10 9586.10 3590.66 3591.66
290 4298.13 4299.13 2905.45 2906.45
291 8728.79 8729.79 1812.44 1813.44
292 3559.58 3560.58 5604.66 5605.66
293 9297.64 9298.64 8475.10 8476.10
294 1487.78 1488.78 9894.87 9895.87
295 9400.29 9401.29 97.94 98.94
296 8327.16 8328.16 7184.19 7185.19
297 8460.55 8461.55 5560.75 5561.75
298 1239.23 1240.23 6952.49 6953.49
299 5964.87 5965.87 6732.59 6733.59
300 163.92 164.92 3306.90 3307.90
301 7211.84 7212.84 6790.91 6791.91
302 77.38 78.38 4112.88 4113.88
303 848.22 849.22 3459.33 3460.33
304 2254.98 2255.98 9429.69 9430.69
305 8751.25 8752.25 7348.51 7349.51
306 3635.76 3636.76 2447.88 2448.88
307 5399.60 5400.60 9402.46 9403.46
308 5681.03 5682.03 540.57 541.57
309 2254.63 2255.63 646.61 647.61
310 5721.47 5722.47 3624.43 3625.43
311 6609.52 6610.52 794.30 795.30
312 2982.45 2983.45 1061.94 1062.94
313 4186.27 4187.27 941.28 942.28
314 4530.89 4531.89 9053.61 9054.61
315 9323.51 9324.51 2287.05 2288.05
316 5874.94 5875.94 9237.49 9238.49
317 9482.52 9483.52 2098.62 2099.62
318 5560.35 5561.35 5067.28 5068.28
319 5005.61 5006.61 2970.99 2971.99
320 35.32 36.32 5313.86 5314.86
321 4808.89 4809.89 1891.01 1892.01
322 9274.55 9275.55 4786.44 4787.44
323 1983.66 1984.66 8842.19 8843.19
324 520.91 521.91 9566.44 9567.44
325 4067.79 4068.79 4623.91 4624.91
326 3723.96 3724.96 5320.23 5321.23
327 8571.53 8572.53 7894.21 7895.21
328 266.11 267.11 1372.65 1373.65
329 9201.49 9202.49 2095.35 2096.35
330 6809.03 6810.03 9436.37 9437.37
331 9042.26 9043.26 9486.07 9487.07
332 6075.29 6076.29 9843.34 9844.34
333 8119.53 8120.53 221.80 222.80
334 3355.44 3356.44 5347.74 5348.74
335 3495.66 3496.66 6712.25 6713.25
336 3898.74 3899.74 1095.24 1096.24
337 7547.97 7548.97 8710.81 8711.81
338 3692.91 3693.91 117.09 118.09
339 2422.20 2423.20 2477.07 2478.07
340 9376.68 9377.68 6256.84 6257.84
341 9080.11 9081.11 7619.29 7620.29
342 3487.97 3488.97 1511.01 1512.01
343 6346.38 6347.38 495.45 496.45
344 2738.42 2739.42 3937.05 3938.05
345 2061.15 2062.15 8843.96 8844.96
346 3363.40 3364.40 2651.24 2652.24
347 3271.00 3272.00 9395.72 9396.72
348 8822.76 8823.76 9562.27 9563.27
349 8223.04 8224.04 2043.64 2044.64
350 7096.23 7097.23 8620.17 8621.17
351 9593.45 9594.45 8722.81 8723.81
352 4225.43 4226.43 122.57 123.57
353 2450.33 2451.33 8929.38 8930.38
354 1173.98 1174.98 87.07 88.07
355 3010.53 3011.53 274.82 275.82
356 1452.64 1453.64 9945.73 9946.73
357 921.86 922.86 1569.81 1570.81
358 6029.32 6030.32 5600.31 5601.31
359 3641.87 3642.87 4924.54 4925.54
360 5645.70 5646.70 8752.77 8753.77
361 1913.36 1914.36 9721.16 9722.16
362 6769.06 6770.06 6500.99 6501.99
363 2155.05 2156.05 6530.93 6531.93
364 2780.24 2781.24 4188.30 4189.30
365 7417.60 7418.60 2964.43 2965.43
366 5597.38 5598.38 3097.66 3098.66
367 3348.36 3349.36 5975.24 5976.24
368 5429.89 5430.89 8013.32 8014.32
369 6939.85 6940.85 8590.14 8591.14
370 9121.32 9122.32 3457.06 3458.06
371 5807.13 5808.13 1633.20 1634.20
372 2326.86 2327.86 9700.94 9701.94
373 7466.98 7467.98 6723.74 6724.74
374 7777.69 7778.69 9745.69 9746.69
375 2004.01 2005.01 421.30 422.30
376 8205.74 8206.74 6576.65 6577.65
377 4649.35 4650.35 3206.74 3207.74
378 7797.67 7798.67 6531.02 6532.02
379 2374.78 2375.78 3388.35 3389.35
380 3325.80 3326.80 5895.86 5896.86
381 9536.97 9537.97 3767.56 3768.56
382 6578.15 6579.15 2955.24 2956.24
383 7728.78 7729.78 6379.72 6380.72
384 6883.74 6884.74 8621.01 8622.01
385 2043.04 2044.04 6601.81 6602.81
386 4706.89 4707.89 1340.75 1341.75
387 8089.64 8090.64 4242.81 4243.81
388 6750.35 6751.35 805.23 806.23
389 60.28 61.28 8271.18 8272.18
390 874.08 875.08 5177.21 5178.21
391 3467.95 3468.95 2059.11 2060.11
392 9443.66 9444.66 5819.51 5820.51
393 4911.90 4912.90 1657.74 1658.74
394 2701.76 2702.76 5938.86 5939.86
395 3604.24 3605.24 5776.04 5777.04
396 2106.53 2107.53 5685.98 5686.98
397 4212.00 4213.00 1110.97 1111.97
398 2180.35 2181.35 5975.77 5976.77
399 8457.53 8458.53 1252.41 1253.41
400 4562.71 4563.71 8957.80 8958.80
401 2798.02 2799.02 4469.71 4470.71
402 9328.92 9329.92 5580.28 5581.28
403 3143.51 3144.51 871.93 872.93
404 9097.15 9098.15 5319.82 5320.82
405 434.18 435.18 9261.48 9262.48
406 7071.15 7072.15 9401.93 9402.93
407 4838.89 4839.89 2458.93 2459.93
408 4442.21 4443.21 8602.23 8603.23
409 363.23 364.23 397.40 398.40
410 406.83 407.83 1461.11 1462.11
411 3327.54 3328.54 8642.73 8643.73
412 9471.20 9472.20 9954.75 9955.75
413 6176.60 6177.60 4810.84 4811.84
414 3688.75 3689.75 8191.16 8192.16
415 6119.77 6120.77 8661.57 8662.57
416 2061.32 2062.32 9657.96 9658.96
417 1650.66 1651.66 7742.91 7743.91
418 3618.17 3619.17 1979.18 1980.18
419 8633.53 8634.53 4127.19 4128.19
420 5094.02 5095.02 8783.36 8784.36
421 2969.02 2970.02 6480.21 6481.21
422 9502.52 9503.52 4929.02 4930.02
423 8159.66 8160.66 241.25 242.25
424 3229.74 3230.74 5505.61 5506.61
425 9720.98 9721.98 9566.54 9567.54
426 9873.51 9874.51 3901.89 3902.89
427 4086.60 4087.60 6185.29 6186.29
428 6559.23 6560.23 3703.69 3704.69
429 4056.53 4057.53 581.44 582.44
430 2573.48 2574.48 8134.40 8135.40
431 826.53 827.53 131.41 132.41
432 2636.10 2637.10 4573.82 4574.82
433 2714.80 2715.80 329.55 330.55
434 3986.39 3987.39 1610.76 1611.76
435 1848.86 1849.86 2310.06 2311.06
436 9538.18 9539.18 7785.98 7786.98
437 1028.80 1029.80 6081.50 6082.50
438 6252.09 6253.09 3694.57 3695.57
439 4416.97 4417.97 742.72 743.72
440 4235.18 4236.18 8834.43 8835.43
441 3719.92 3720.92 5442.60 5443.60
442 8683.15 8684.15 4584.33 4585.33
443 2804.77 2805.77 3159.69 3160.69
444 205.76 206.76 735.55 736.55
445 9180.97 9181.97 6157.24 6158.24
446 8644.80 8645.80 9262.92 9263.92
447 2769.02 2770.02 5027.30 5028.30
448 5234.88 5235.88 8533.24 8534.24
449 1090.88 1091.88 8676.47 8677.47
450 934.27 935.27 2503.83 2504.83
451 8374.66 8375.66 4863.87 4864.87
452 4102.66 4103.66 8045.38 8046.38
453 6617.17 6618.17 1512.41 1513.41
454 9432.01 9433.01 1590.58 1591.58
455 2451.31 2452.31 6606.31 6607.31
456 131.60 132.60 9181.62 9182.62
457 241.48 242.48 7963.57 7964.57
458 7093.86 7094.86 6765.54 6766.54
459 9245.52 9246.52 8115.87 8116.87
460 4673.30 4674.30 918.86 919.86
461 3751.09 3752.09 6165.65 6166.65
462 5428.60 5429.60 4181.81 4182.81
463 8589.17 8590.17 5471.08 5472.08
464 6521.54 6522.54 5322.73 5323.73
465 2329.80 2330.80 441.93 442.93
466 7745.80 7746.80 8035.62 8036.62
467 1346.13 1347.13 9461.05 9462.05
468 1655.60 1656.60 6070.55 6071.55
469 6126.82 6127.82 5177.92 5178.92
470 2387.83 2388.83 3990.26 3991.26
471 7047.79 7048.79 1639.14 1640.14
472 3495.19 3496.19 4058.85 4059.85
473 2774.24 2775.24 8090.89 8091.89
474 9989.18 9990.18 1254.76 1255.76
475 406.16 407.16 5240.19 5241.19
476 6458.23 6459.23 6173.93 6174.93
477 387.00 388.00 1724.34 1725.34
478 7602.10 7603.10 1423.54 1424.54
479 2300.90 2301.90 3290.29 3291.29
480 898.32 899.32 2742.81 2743.81
481 6484.50 6485.50 2493.65 2494.65
482 7326.01 7327.01 7037.44 7038.44
483 6780.95 6781.95 9755.09 9756.09
484 519.01 520.01 8697.40 8698.40
485 2943.07 2944.07 7618.87 7619.87
486 4510.88 4511.88 656.61 657.61
487 2871.03 2872.03 5960.26 5961.26
488 8105.13 8106.13 9452.41 9453.41
489 1311.15 1312.15 7939.41 7940.41
490 6121.79 6122.79 4864.00 4865.00
491 9882.15 9883.15 4319.37 4320.37
492 9025.57 9026.57 262.39 263.39
493 2221.57 2222.57 1224.44 1225.44
494 0.82 1.82 5506.65 5507.65
495 9805.97 9806.97 3318.87 3319.87
496 8827.13 8828.13 1388.03 1389.03
497 9194.72 9195.72 7533.97 7534.97
498 4155.04 4156.04 4352.43 4353.43
499 7446.15 7447.15 4783.58 4784.58
500 2128.31 2129.31 5909.54 5910.54
501 3923.04 3924.04 8428.59 8429.59
502 8515.48 8516.48 924.16 925.16
503 1276.12 1277.12 5212.27 5213.27
504 8938.65 8939.65 5440.23 5441.23
505 4965.08 4966.08 8573.46 8574.46
506 4260.96 4261.96 3030.30 3031.30
507 3056.46 3057.46 187.67 188.67
508 9168.49 9169.49 3812.79 3813.79
509 5176.23 5177.23 4610.73 4611.73
510 8040.26 8041.26 1819.49 1820.49
511 8576.52 8577.52 8928.99 8929.99
512 9223.82 9224.82 2821.46 2822.46
513 3033.81 3034.81 528.14 529.14
514 3398.11 3399.11 1330.36 1331.36
515 5950.74 5951.74 2391.63 2392.63
516 4413.24 4414.24 4844.60 4845.60
517 9328.43 9329.43 7605.23 7606.23
518 3975.64 3976.64 97.16 98.16
519 4777.78 4778.78 6692.18 6693.18
520 6171.86 6172.86 7252.79 7253.79
521 4047.39 4048.39 2801.48 2802.48
522 9924.78 9925.78 4462.60 4463.60
523 988.51 989.51 58.86 59.86
524 2206.03 2207.03 5417.12 5418.12
525 3226.55 3227.55 8172.55 8173.55
526 1477.23 1478.23 4377.10 4378.10
527 2842.19 2843.19 9642.36 9643.36
528 7792.45 7793.45 6224.39 6225.39
529 5228.92 5229.92 6856.27 6857.27
530 339.54 340.54 1271.91 1272.91
531 9826.23 9827.23 9473.98 9474.98
532 6160.06 6161.06 4896.55 4897.55
533 589.39 590.39 7115.09 7116.09
534 6611.69 6612.69 4671.42 4672.42
535 3783.69 3784.69 3717.99 3718.99
536 1356.73 1357.73 342.91 343.91
537 5636.65 5637.65 3263.79 3264.79
538 7270.80 7271.80 2714.84 2715.84
539 6711.27 6712.27 3771.59 3772.59
540 2475.13 2476.13 8681.22 8682.22
541 5248.66 5249.66 5550.71 5551.71
542 5376.63 5377.63 1336.25 1337.25
543 7168.03 7169.03 9430.83 9431.83
544 3598.67 3599.67 2422.53 2423.53
545 7977.33 7978.33 5640.43 5641.43
546 6279.22 6280.22 210.53 211.53
547 383.32 384.32 8057.94 8058.94
548 5464.79 5465.79 4915.75 4916.75
549 8619.12 8620.12 2077.28 2078.28
550 5675.74 5676.74 1682.15 1683.15
551 1758.28 1759.28 7937.48 7938.48
552 5103.76 5104.76 9441.97 9442.97
553 7569.46 7570.46 8905.01 8906.01
554 1101.05 1102.05 1460.60 1461.60
555 8170.99 8171.99 919.36 920.36
556 1674.82 1675.82 2697.83 2698.83
557 5340.76 5341.76 4189.06 4190.06
558 3857.43 3858.43 1114.21 1115.21
559 2486.24 2487.24 9674.62 9675.62
560 6474.33 6475.33 699.11 700.11
561 373.92 374.92 7852.56 7853.56
562 7600.46 7601.46 4916.58 4917.58
563 5269.41 5270.41 9523.47 9524.47
564 8757.71 8758.71 354.94 355.94
565 5207.18 5208.18 7918.52 7919.52
566 350.33 351.33 6629.62 6630.62
567 1436.01 1437.01 415.20 416.20
568 7956.05 7957.05 3899.37 3900.37
569 4919.76 4920.76 4001.21 4002.21
570 4418.79 4419.79 7482.54 7483.54
571 3184.35 3185.35 1719.56 1720.56
572 2845.49 2846.49 184.12 185.12
573 9658.86 9659.86 5784.51 5785.51
574 4329.69 4330.69 3247.19 3248.19
575 8840.03 8841.03 5601.63 5602.63
576 6481.63 6482.63 5291.88 5292.88
577 8584.28 8585.28 6263.81 6264.81
578 8524.50 8525.50 839.64 840.64
579 9563.12 9564.12 865.50 866.50
580 6979.42 6980.42 1686.38 1687.38
581 8053.97 8054.97 4186.59 4187.59
582 7331.28 7332.28 2195.53 2196.53
583 6052.27 6053.27 7043.55 7044.55
584 7173.54 7174.54 6309.03 6310.03
585 7157.50 7158.50 1749.38 1750.38
586 409.08 410.08 2207.12 2208.12
587 5161.11 5162.11 2503.56 2504.56
588 7926.51 7927.51 2361.48 2362.48
589 2429.62 2430.62 5724.65 5725.65
590 4651.48 4652.48 1644.07 1645.07
591 4349.86 4350.86 8168.27 8169.27
592 4027.87 4028.87 5131.14 5132.14
593 1218.40 1219.40 2140.09 2141.09
594 5257.12 5258.12 7250.19 7251.19
595 4462.48 4463.48 8859.41 8860.41
596 6633.93 6634.93 910.87 911.87
597 5494.13 5495.13 189.45 190.45
598 275.43 276.43 8369.14 8370.14
599 319.18 320.18 1044.27 1045.27
600 7013.60 7014.60 6860.93 6861.93
601 7075.81 7076.81 9708.48 9709.48
602 9599.39 9600.39 7174.28 7175.28
603 8767.05 8768.05 4077.52 4078.52
604 4680.60 4681.60 8714.62 8715.62
605 6259.07 6260.07 2826.97 2827.97
606 4571.82 4572.82 8969.77 8970.77
607 2229.46 2230.46 5957.11 5958.11
608 3766.77 3767.77 9926.07 9927.07
609 1038.84 1039.84 4379.79 4380.79
610 6665.27 6666.27 153.13 154.13
611 1920.30 1921.30 1287.89 1288.89
612 4754.68 4755.68 8887.73 8888.73
613 9674.37 9675.37 7274.54 7275.54
614 316.69 317.69 3326.12 3327.12
615 1517.30 1518.30 2519.08 2520.08
616 2985.79 2986.79 9187.08 9188.08
617 9418.07 9419.07 2237.83 2238.83
618 9088.42 9089.42 898.09 899.09
619 1620.01 1621.01 8183.31 8184.31
620 9811.18 9812.18 4710.47 4711.47
621 7507.48 7508.48 6262.23 6263.23
622 5399.77 5400.77 7050.45 7051.45
623 9317.03 9318.03 2759.93 2760.93
624 8806.07 8807.07 4604.12 4605.12
625 3913.16 3914.16 3598.08 3599.08
626 6563.43 6564.43 4540.45 4541.45
627 6473.85 6474.85 5069.78 5070.78
628 3269.68 3270.68 6548.20 6549.20
629 1793.90 1794.90 8758.93 8759.93
630 4668.10 4669.10 3130.67 3131.67
631 2632.81 2633.81 3266.03 3267.03
632 3550.65 3551.65 1829.00 1830.00
633 9541.44 9542.44 4728.66 4729.66
634 4611.38 4612.38 7174.79 7175.79
635 6848.91 6849.91 3628.46 3629.46
636 3362.30 3363.30 368.93 369.93
637 9958.61 9959.61 3821.24 3822.24
638 6587.68 6588.68 5143.25 5144.25
639 1960.09 1961.09 4377.25 4378.25
640 981.84 982.84 2100.24 2101.24
641 9431.81 9432.81 2226.58 2227.58
642 9447.78 9448.78 1714.48 1715.48
643 6213.28 6214.28 3915.82 3916.82
644 169.91 170.91 7945.51 7946.51
645 2255.35 2256.35 560.32 561.32
646 8012.77 8013.77 7706.87 7707.87
647 8754.60 8755.60 5946.23 5947.23
648 4539.90 4540.90 8819.75 8820.75
649 3655.21 3656.21 5926.46 5927.46
650 2742.25 2743.25 1453.17 1454.17
651 1169.71 1170.71 9062.20 9063.20
652 1157.45 1158.45 7697.79 7698.79
653 9526.03 9527.03 7448.49 7449.49
654 8086.26 8087.26 8907.57 8908.57
655 1647.79 1648.79 6671.51 6672.51
656 2070.50 2071.50 3298.12 3299.12
657 6555.52 6556.52 9664.91 9665.91
658 7646.64 7647.64 562.36 563.36
659 8103.15 8104.15 135.77 136.77
660 1633.38 1634.38 6755.03 6756.03
661 9841.28 9842.28 3772.30 3773.30
662 2278.02 2279.02 1296.04 1297.04
663 5894.15 5895.15 4337.21 4338.21
664 5876.16 5877.16 5354.42 5355.42
665 9673.62 9674.62 1046.12 1047.12
666 6576.67 6577.67 9875.95 9876.95
667 5849.04 5850.04 1668.54 1669.54
668 5187.73 5188.73 8721.70 8722.70
669 7646.58 7647.58 1832.68 1833.68
670 1060.55 1061.55 4829.75 4830.75
671 20.92 21.92 598.30 599.30
672 9524.89 9525.89 8160.64 8161.64
673 4986.58 4987.58 8228.63 8229.63
674 3283.35 3284.35 8037.87 8038.87
675 3680.53 3681.53 4008.16 4009.16
676 8038.43 8039.43 5732.40 5733.40
677 3823.70 3824.70 8312.60 8313.60
678 7701.69 7702.69 3471.62 3472.62
679 4404.62 4405.62 3424.37 3425.37
680 8440.77 8441.77 4251.75 4252.75
681 762.04 763.04 2390.33 2391.33
682 4811.28 4812.28 9289.77 9290.77
683 4668.50 4669.50 6280.45 6281.45
684 2643.28 2644.28 3926.49 3927.49
685 9436.15 9437.15 3246.14 3247.14
686 9050.28 9051.28 2851.20 2852.20
687 4435.96 4436.96 4995.70 4996.70
688 971.60 972.60 3491.50 3492.50
689 2067.83 2068.83 4400.35 4401.35
690 2714.92 2715.92 9461.92 9462.92
691 4842.20 4843.20 1424.17 1425.17
692 3383.77 3384.77 5033.31 5034.31
693 7741.36 7742.36 5784.25 5785.25
694 4760.27 4761.27 734.27 735.27
695 8703.71 8704.71 6156.37 6157.37
696 9957.82 9958.82 6009.35 6010.35
697 2198.36 2199.36 563.88 564.88
698 6116.71 6117.71 6763.30 6764.30
699 8475.02 8476.02 6700.39 6701.39
700 9452.37 9453.37 8577.25 8578.25
701 2900.86 2901.86 330.14 331.14
702 7270.43 7271.43 4877.70 4878.70
703 150.16 151.16 7804.13 7805.13
704 8791.42 8792.42 2030.00 2031.00
705 639.39 640.39 5790.41 5791.41
706 7333.95 7334.95 1182.94 1183.94
707 9946.10 9947.10 1582.04 1583.04
708 5011.90 5012.90 5294.33 5295.33
709 2093.34 2094.34 5347.00 5348.00
710 5946.44 5947.44 3308.26 3309.26
711 6241.50 6242.50 5484.90 5485.90
712 6680.73 6681.73 3352.69 3353.69
713 1726.12 1727.12 4874.82 4875.82
714 8987.13 8988.13 402.72 403.72
715 6209.91 6210.91 1041.85 1042.85
716 435.69 436.69 5557.91 5558.91
717 6840.41 6841.41 5887.30 5888.30
718 1960.84 1961.84 3757.42 3758.42
719 273.41 274.41 7770.21 7771.21
720 5509.53 5510.53 1413.06 1414.06
721 8133.14 8134.14 5789.76 5790.76
722 8599.41 8600.41 2137.62 2138.62
723 1035.21 1036.21 6075.26 6076.26
724 6630.43 6631.43 3092.37 3093.37
725 7100.75 7101.75 1713.45 1714.45
726 2945.17 2946.17 5085.22 5086.22
727 9713.64 9714.64 7540.30 7541.30
728 2786.87 2787.87 6475.39 6476.39
729 699.82 700.82 6649.78 6650.78
730 5192.80 5193.80 8201.67 8202.67
731 6943.15 6944.15 8431.24 8432.24
732 2446.60 2447.60 9074.19 9075.19
733 3385.82 3386.82 9950.68 9951.68
734 5636.28 5637.28 693.61 694.61
735 8866.78 8867.78 1796.29 1797.29
736 7473.26 7474.26 8232.84 8233.84
737 2095.92 2096.92 1440.91 1441.91
738 2517.77 2518.77 2908.13 2909.13
739 5238.81 5239.81 6014.83 6015.83
740 7689.59 7690.59 90.16 91.16
741 6187.62 6188.62 153.32 154.32
742 5013.24 5014.24 9152.56 9153.56
743 5971.25 5972.25 8007.72 8008.72
744 7560.60 7561.60 5252.56 5253.56
745 5370.80 5371.80 8943.60 8944.60
746 8977.53 8978.53 6294.99 6295.99
747 9470.67 9471.67 6548.77 6549.77
748 9153.55 9154.55 3002.32 3003.32
749 7545.18 7546.18 2235.20 2236.20
750 2463.21 2464.21 867.87 868.87
751 3852.71 3853.71 7492.46 7493.46
752 2800.00 2801.00 285.12 286.12
753 6576.60 6577.60 8494.30 8495.30
754 3242.22 3243.22 9551.81 9552.81
755 7543.92 7544.92 6232.28 6233.28
756 1135.09 1136.09 9337.29 9338.29
757 7753.65 7754.65 69.23 70.23
758 5859.02 5860.02 2767.29 2768.29
759 8353.89 8354.89 704.41 705.41
760 4308.76 4309.76 4127.71 4128.71
761 6249.64 6250.64 4648.30 4649.30
762 5544.12 5545.12 1578.21 1579.21
763 9756.71 9757.71 7037.30 7038.30
764 7554.74 7555.74 9991.98 9992.98
765 5448.13 5449.13 5344.61 5345.61
766 1740.32 1741.32 3355.78 3356.78
767 9041.14 9042.14 511.99 512.99
768 2058.38 2059.38 2464.98 2465.98
769 6500.43 6501.43 6636.59 6637.59
770 9364.72 9365.72 7507.55 7508.55
771 2235.80 2236.80 7927.28 7928.28
772 2259.24 2260.24 892.85 893.85
773 8518.19 8519.19 8562.88 8563.88
774 8276.55 8277.55 1073.31 1074.31
775 3517.03 3518.03 8645.32 8646.32
776 2650.96 2651.96 1524.05 1525.05
777 1273.88 1274.88 5157.57 5158.57
778 9879.36 9880.36 1541.03 1542.03
779 8353.43 8354.43 4199.36 4200.36
780 8993.92 8994.92 7524.85 7525.85
781 5136.79 5137.79 5484.18 5485.18
782 1143.85 1144.85 2512.20 2513.20
783 525.80 526.80 6226.36 6227.36
784 3305.82 3306.82 6435.74 6436.74
785 9203.30 9204.30 4787.05 4788.05
786 9475.82 9476.82 5315.05 5316.05
787 8411.64 8412.64 2564.20 2565.20
788 1586.79 1587.79 1949.47 1950.47
789 4199.23 4200.23 8567.84 8568.84
790 2462.43 2463.43 6479.03 6480.03
791 2053.50 2054.50 9126.73 9127.73
792 6848.26 6849.26 8960.71 8961.71
793 4861.12 4862.12 8614.77 8615.77
794 3249.10 3250.10 1758.63 1759.63
795 1002.14 1003.14 2963.80 2964.80
796 5447.63 5448.63 3282.41 3283.41
797 3470.25 3471.25 6569.90 6570.90
798 3910.96 3911.96 601.55 602.55
799 3105.09 3106.09 3447.41 3448.41
800 3871.95 3872.95 5377.20 5378.20
801 5558.60 5559.60 1653.61 1654.61
802 141.44 142.44 5481.75 5482.75
803 8476.47 8477.47 9908.10 9909.10
804 9219.20 9220.20 2605.70 2606.70
805 5505.30 5506.30 8293.44 8294.44
806 2680.21 2681.21 105.39 106.39
807 9902.39 9903.39 1080.16 1081.16
808 3831.94 3832.94 9372.07 9373.07
809 6936.55 6937.55 573.29 574.29
810 6899.53 6900.53 2844.40 2845.40
811 4343.09 4344.09 9491.54 9492.54
812 1991.58 1992.58 7889.66 7890.66
813 9665.79 9666.79 4338.56 4339.56
814 636.91 637.91 218.31 219.31
815 4851.49 4852.49 1898.30 1899.30
816 2207.31 2208.31 5792.43 5793.43
817 2939.74 2940.74 3647.58 3648.58
818 8285.27 8286.27 7747.69 7748.69
819 3672.66 3673.66 6214.61 6215.61
820 833.48 834.48 6217.25 6218.25
821 1963.09 1964.09 7875.50 7876.50
822 8603.73 8604.73 8422.08 8423.08
823 9770.29 9771.29 9804.73 9805.73
824 2679.82 2680.82 544.44 545.44
825 6754.09 6755.09 5100.16 5101.16
826 811.99 812.99 294.06 295.06
827 7234.66 7235.66 3237.13 3238.13
828 4164.37 4165.37 3119.77 3120.77
829 9181.60 9182.60 180.03 181.03
830 3115.36 3116.36 2394.50 2395.50
831 9414.67 9415.67 1262.56 1263.56
832 5032.47 5033.47 2047.53 2048.53
833 3488.93 3489.93 5213.10 5214.10
834 6470.20 6471.20 2860.38 2861.38
835 2497.46 2498.46 8814.94 8815.94
836 2297.64 2298.64 7387.24 7388.24
837 1963.46 1964.46 418.09 419.09
838 9599.00 9600.00 3015.94 3016.94
839 4929.14 4930.14 4656.68 4657.68
840 7516.15 7517.15 824.28 825.28
841 4739.92 4740.92 4299.70 4300.70
842 5875.40 5876.40 5189.57 5190.57
843 5841.39 5842.39 4659.83 4660.83
844 9798.86 9799.86 7929.59 7930.59
845 6684.33 6685.33 2353.18 2354.18
846 2397.69 2398.69 734.99 735.99
847 151.98 152.98 1183.13 1184.13
848 2186.82 2187.82 6092.26 6093.26
849 4555.20 4556.20 3898.68 3899.68
850 3934.20 3935.20 3539.41 3540.41
851 8123.26 8124.26 4758.28 4759.28
852 7855.57 7856.57 6574.82 6575.82
853 890.96 891.96 4545.87 4546.87
854 9520.11 9521.11 7422.06 7423.06
855 5274.57 5275.57 8096.59 8097.59
856 5964.04 5965.04 9160.11 9161.11
857 4050.57 4051.57 8272.44 8273.44
858 6495.01 6496.01 2209.76 2210.76
859 8713.26 8714.26 3450.70 3451.70
860 6739.36 6740.36 3705.85 3706.85
861 9700.99 9701.99 926.23 927.23
862 7011.22 7012.22 7763.07 7764.07
863 8217.21 8218.21 1862.49 1863.49
864 450.40 451.40 9247.68 9248.68
865 6726.99 6727.99 1255.02 1256.02
866 6547.53 6548.53 6781.15 6782.15
867 1017.46 1018.46 6268.09 6269.09
868 8423.87 8424.87 4129.44 4130.44
869 6141.72 6142.72 4512.32 4513.32
870 983.28 984.28 8995.55 8996.55
871 5944.67 5945.67 9207.65 9208.65
872 4784.16 4785.16 470.56 471.56
873 2332.94 2333.94 6458.29 6459.29
874 197.56 198.56 7522.79 7523.79
875 3655.67 3656.67 9392.74 9393.74
876 6198.51 6199.51 5552.81 5553.81
877 3292.79 3293.79 5230.13 5231.13
878 3072.55 3073.55 3304.54 3305.54
879 7511.21 7512.21 631.83 632.83
880 7586.25 7587.25 5433.42 5434.42
881 7187.66 7188.66 7164.99 7165.99
882 1011.82 1012.82 3849.44 3850.44
883 5161.66 5162.66 6295.29 6296.29
884 5577.99 5578.99 8713.39 8714.39
885 7448.05 7449.05 3169.80 3170.80
886 9031.78 9032.78 3671.48 3672.48
887 3690.39 3691.39 4455.92 4456.92
888 4286.63 4287.63 9612.57 9613.57
889 7327.67 7328.67 9332.11 9333.11
890 6626.36 6627.36 8008.13 8009.13
891 5578.70 5579.70 2913.10 2914.10
892 3501.40 3502.40 4644.30 4645.30
893 1953.52 1954.52 447.34 448.34
894 1838.07 1839.07 6452.72 6453.72
895 815.83 816.83 8249.61 8250.61
896 812.01 813.01 7253.57 7254.57
897 8457.98 8458.98 4020.06 4021.06
898 3836.73 3837.73 8062.07 8063.07
899 607.40 608.40 718.15 719.15
900 8964.26 8965.26 9070.26 9071.26
901 2232.70 2233.70 1655.94 1656.94
902 2681.24 2682.24 3040.10 3041.10
903 1944.98 1945.98 6792.78 6793.78
904 9675.01 9676.01 4903.05 4904.05
905 1125.40 1126.40 4423.46 4424.46
906 7221.63 7222.63 7520.75 7521.75
907 9320.89 9321.89 7636.85 7637.85
908 6680.01 6681.01 3251.89 3252.89
909 8587.27 8588.27 5751.57 5752.57
910 2424.47 2425.47 5497.81 5498.81
911 6739.28 6740.28 7850.79 7851.79
912 7008.71 7009.71 8366.95 8367.95
913 4583.33 4584.33 6102.38 6103.38
914 8705.46 8706.46 9721.04 9722.04
915 6943.86 6944.86 3314.07 3315.07
916 8948.78 8949.78 4024.45 4025.45
917 7532.04 7533.04 6416.44 6417.44
918 5202.90 5203.90 832.68 833.68
919 4986.88 4987.88 851.13 852.13
920 4537.28 4538.28 9824.54 9825.54
921 216.47 217.47 4676.01 4677.01
922 5351.41 5352.41 6987.06 6988.06
923 4229.73 4230.73 6872.60 6873.60
924 1575.34 1576.34 6988.36 6989.36
925 1190.70 1191.70 3625.96 3626.96
926 4493.52 4494.52 6379.54 6380.54
927 399.13 400.13 3458.86 3459.86
928 9865.80 9866.80 8802.62 8803.62
929 3781.21 3782.21 7409.37 7410.37
930 3821.09 3822.09 2842.57 2843.57
931 511.26 512.26 9269.84 9270.84
932 4266.72 4267.72 5721.65 5722.65
933 157.45 158.45 2668.64 2669.64
934 300.94 301.94 7733.92 7734.92
935 3390.99 3391.99 6638.41 6639.41
936 8209.69 8210.69 2518.69 2519.69
937 4588.21 4589.21 9295.19 9296.19
938 148.41 149.41 5289.88 5290.88
939 1632.20 1633.20 915.16 916.16
940 7399.23 7400.23 1534.18 1535.18
941 7382.94 7383.94 5770.65 5771.65
942 7545.23 7546.23 1992.12 1993.12
943 3516.69 3517.69 66.49 67.49
944 3522.77 3523.77 8670.54 8671.54
945 8020.76 8021.76 4478.23 4479.23
946 3981.38 3982.38 5407.58 5408.58
947 7271.91 7272.91 4333.29 4334.29
948 5811.23 5812.23 8150.39 8151.39
949 3643.42 3644.42 6802.57 6803.57
950 800.07 801.07 7412.95 7413.95
951 1161.25 1162.25 6279.44 6280.44
952 8895.59 8896.59 6652.47 6653.47
953 4523.41 4524.41 6812.23 6813.23
954 9940.05 9941.05 2214.02 2215.02
955 3638.97 3639.97 8581.33 8582.33
956 2499.54 2500.54 9788.35 9789.35
957 3505.39 3506.39 5194.22 5195.22
958 3430.86 3431.86 4138.58 4139.58
959 6373.57 6374.57 5013.77 5014.77
960 127.38 128.38 7470.34 7471.34
961 7632.69 7633.69 8243.57 8244.57
962 4164.15 4165.15 1542.03 1543.03
963 4322.39 4323.39 2581.39 2582.39
964 4811.15 4812.15 5415.04 5416.04
965 4492.12 4493.12 1459.85 1460.85
966 4974.71 4975.71 6082.80 6083.80
967 3459.04 3460.04 4350.69 4351.69
968 4533.46 4534.46 4297.51 4298.51
969 4046.51 4047.51 2902.54 2903.54
970 5182.43 5183.43 7503.49 7504.49
971 6232.69 6233.69 1247.76 1248.76
972 2410.41 2411.41 9753.54 9754.54
973 5084.37 5085.37 2106.26 2107.26
974 5946.22 5947.22 5309.09 5310.09
975 169.48 170.48 8286.50 8287.50
976 5204.94 5205.94 1738.92 1739.92
977 2392.93 2393.93 1617.32 1618.32
978 4045.39 4046.39 6593.30 6594.30
979 8265.30 8266.30 9357.33 9358.33
980 3262.36 3263.36 4248.60 4249.60
981 4832.17 4833.17 8829.30 8830.30
982 247.41 248.41 6411.59 6412.59
983 3087.51 3088.51 8932.63 8933.63
984 6397.21 6398.21 2747.39 2748.39
985 3151.62 3152.62 4349.95 4350.95
986 2057.98 2058.98 2882.41 2883.41
987 2906.56 2907.56 3796.36 3797.36
988 9543.78 9544.78 57.04 58.04
989 868.02 869.02 3904.93 3905.93
990 4633.58 4634.58 4998.45 4999.45
991 583.87 584.87 9021.83 9022.83
992 5386.58 5387.58 9780.22 9781.22
993 1460.36 1461.36 4373.84 4374.84
994 6340.85 6341.85 105.12 106.12
995 2643.97 2644.97 7605.27 7606.27
996 6909.15 6910.15 923.92 924.92
997 3471.46 3472.46 6683.11 6684.11
998 41.68 42.68 6998.32 6999.32
999 2948.95 2949.95 4669.73 4670.73
