100
0 6964.69 6965.69 1060.65 1061.65
1 2861.39 2862.39 7454.71 7455.71
2 2268.51 2269.51 5723.14 5724.14
3 5513.15 5514.15 4582.41 4583.41
4 7194.69 7195.69 3847.06 3848.06
5 4231.06 4232.06 2739.89 2740.89
6 9807.64 9808.64 6679.62 6680.62
7 6848.30 6849.30 3954.75 3955.75
8 4809.32 4810.32 2815.73 2816.73
9 3921.18 3922.18 7799.20 7800.20
10 3431.78 3432.78 5990.94 5991.94
11 7290.50 7291.50 1229.46 1230.46
12 4385.72 4386.72 3895.74 3896.74
13 596.78 597.78 9749.88 9750.88
14 3980.44 3981.44 4675.99 4676.99
15 7379.95 7380.95 1401.71 1402.71
16 1824.92 1825.92 420.69 421.69
17 1754.52 1755.52 7279.96 7280.96
18 5315.51 5316.51 6156.06 6157.06
19 5318.28 5319.28 9027.32 9028.32
20 6344.01 6345.01 6226.33 6227.33
21 8494.32 8495.32 2601.22 2602.22
22 7244.55 7245.55 5555.18 5556.18
23 6110.24 6111.24 4049.86 4050.86
24 7224.43 7225.43 1417.56 1418.56
25 3229.59 3230.59 5777.46 5778.46
26 3617.89 3618.89 5265.21 5266.21
27 2282.63 2283.63 9385.69 9386.69
28 2937.14 2938.14 9588.79 9589.79
29 6309.76 6310.76 9844.32 9845.32
30 921.05 922.05 2309.56 2310.56
31 4337.01 4338.01 970.79 971.79
32 4308.63 4309.63 2457.49 2458.49
33 4936.85 4937.85 6907.58 6908.58
34 4258.30 4259.30 1974.32 1975.32
35 3122.61 3123.61 8295.27 8296.27
36 4263.51 4264.51 3461.27 3462.27
37 8933.89 8934.89 5140.15 5141.15
38 9441.60 9442.60 6611.58 6612.58
39 5018.37 5019.37 9336.24 9337.24
40 6239.53 6240.53 669.01 670.01
41 1156.18 1157.18 7468.90 7469.90
42 3172.85 3173.85 3902.83 3903.83
43 4148.26 4149.26 5357.58 5358.58
44 8663.09 8664.09 604.29 605.29
45 2504.55 2505.55 8913.56 8914.56
46 4830.34 4831.34 7778.74 7779.74
47 9855.60 9856.60 6701.20 6702.20
48 5194.85 5195.85 7350.53 7351.53
49 6128.95 6129.95 6637.00 6638.00
50 1206.29 1207.29 1817.66 1818.66
51 8263.41 8264.41 8629.98 8630.98
52 6030.60 6031.60 4514.29 4515.29
53 5450.68 5451.68 6497.30 6498.30
54 3427.64 3428.64 1593.72 1594.72
55 3041.21 3042.21 4059.82 4060.82
56 4170.22 4171.22 7988.52 7989.52
57 6813.01 6814.01 7291.54 7292.54
58 8754.57 8755.57 709.04 710.04
59 5104.22 5105.22 7697.13 7698.13
60 6693.14 6694.14 4972.16 4973.16
61 5859.37 5860.37 7669.22 7670.22
62 6249.04 6250.04 6797.59 6798.59
63 6746.89 6747.89 1302.61 1303.61
64 8423.42 8424.42 6587.44 6588.44
65 831.95 832.95 2453.29 2454.29
66 7636.83 7637.83 2454.52 2455.52
67 2436.66 2437.66 8379.56 8380.56
68 1942.23 1943.23 1054.91 1055.91
69 5724.57 5725.57 7264.32 7265.32
70 957.13 958.13 9456.86 9457.86
71 8853.27 8854.27 7216.65 7217.65
72 6272.49 6273.49 1438.98 1439.98
73 7234.16 7235.16 7930.53 7931.53
74 161.29 162.29 7089.53 7090.53
75 5944.32 5945.32 9724.70 9725.70
76 5567.85 5568.85 9775.16 9776.16
77 1589.60 1590.60 4999.99 5000.99
78 1530.71 1531.71 6556.92 6557.92
79 6955.30 6956.30 2687.68 2688.68
80 3187.66 3188.66 6324.90 6325.90
81 6919.70 6920.70 8520.13 8521.13
82 5543.83 5544.83 5689.62 5690.62
83 3889.51 3890.51 233.86 234.86
84 9251.32 9252.32 5546.46 5547.46
85 8416.70 8417.70 3686.00 3687.00
86 3573.98 3574.98 9603.11 9604.11
87 435.91 436.91 3912.35 3913.35
88 3047.68 3048.68 380.73 381.73
89 3981.86 3982.86 8921.24 8922.24
90 7049.59 7050.59 1438.76 1439.76
91 9953.58 9954.58 6385.87 6386.87
92 3559.15 3560.15 1000.37 1001.37
93 7625.48 7626.48 8906.63 8907.63
94 5931.77 5932.77 668.11 669.11
95 6917.02 6918.02 7458.64 7459.64
96 1511.27 1512.27 4545.23 4546.23
97 3988.76 3989.76 5472.46 5473.46
98 2408.56 2409.56 6496.48 6497.48
99 3434.56 3435.56 7818.36 7819.36
