1000
2255217 55.924941 55.9259895 53.3390687 53.3397573
2255847 16.6448374 16.6464998 43.4410017 43.4422645
2257947 -70.7107281 -70.7102172 -34.1574874 -34.1570089
2259557 13.3065352 13.3066537 51.1978863 51.197987
2263407 36.7331664 36.7338624 55.3757066 55.3760733
2265717 3.0875443 3.0880447 45.7781682 45.7785908
2266226 3.065299 3.0654044 45.7757646 45.7758316
2267136 43.9520543 43.952321 56.3273432 56.3274831
2271266 8.2929854 8.2931617 50.732053 50.7321755
2271457 65.7082399 65.7088263 31.6229299 31.6232824
2271597 12.5246549 12.5248369 41.8787991 41.8789333
2272036 135.4823969 135.4827033 34.7174264 34.7176363
2276376 24.030192 24.0303451 49.844001 49.8440332
2277897 139.8102334 139.8105682 35.7000533 35.7003006
2278196 136.9366642 136.9367737 35.140256 35.1403823
2280137 -0.445294 -0.444862 43.2563 43.256701
2280697 55.530998 55.53103 -20.9189669 -20.9189351
2281047 43.8555624 43.8567676 56.2473473 56.2482542
2282256 16.3699893 16.370262 48.2216744 48.2218538
2282447 15.1037384 15.1044071 37.5165751 37.5169941
2287506 2.2930754 2.2931068 41.6190881 41.6191169
2292107 2.2933727 2.2935663 41.6149139 41.6151298
2292317 43.8525731 43.8531644 56.2500415 56.2506242
2293456 16.3399257 16.3400278 48.2004657 48.2005907
2295187 11.622062 11.6222497 42.3273405 42.3274925
2295257 11.6184108 11.6186368 42.3276842 42.3278625
2296657 38.0271419 38.0283799 48.0480788 48.048849
2296867 36.7730352 36.7733328 55.4006537 55.4008261
2297217 16.3418034 16.3423824 48.201105 48.2017608
2297777 139.7409039 139.7419721 35.6281953 35.6297296
2298477 43.8381368 43.8383954 56.232778 56.2329217
2298617 55.4840323 55.4840686 -21.35002 -21.3499903
2301557 17.7915903 17.7923013 46.3560913 46.3564123
2302677 103.7982511 103.8003752 1.2753303 1.2769488
2306107 43.8616881 43.8624426 56.2370438 56.2372706
2306387 -72.8710824 -72.8695481 42.2503772 42.2518314
2307997 43.87974 43.8801233 56.2594617 56.2596738
2309747 43.8720556 43.8725425 56.2375978 56.2379539
2310097 23.3418595 23.3427747 55.9243364 55.9247858
2311287 7.2140165 7.2141324 51.1406166 51.1406767
2312337 7.2151313 7.2155009 51.141006 51.1412497
2312967 9.1322927 9.1338287 45.4414754 45.4422939
2314666 6.3602443 6.3604569 51.3767463 51.3769151
2316467 36.3056913 36.305947 51.6657155 51.6658408
2319776 -0.4547678 -0.4546997 46.3017418 46.301802
2319986 14.4255596 14.4258686 50.0908129 50.0911183
2323257 6.2615505 6.261759 51.2481654 51.2482104
2324237 7.2155063 7.2161021 51.1430451 51.1434756
2324797 6.5111873 6.5114744 51.3166653 51.3168704
2326426 14.5080194 14.5089987 46.0485334 46.0492012
2326967 43.9836968 43.9846922 56.2802371 56.2804374
2327037 14.977078 14.978688 50.83023 50.831354
2328017 6.3745116 6.3752469 51.2747738 51.2750879
2328787 6.4630269 6.4636249 51.2778815 51.2782002
2329786 16.324481 16.3247238 48.1883043 48.1883745
2336436 16.3445847 16.3446761 48.1949115 48.1949636
2338867 69.2102766 69.2107119 41.3051537 41.3054561
2339707 -8.4283695 -8.4275221 40.2100654 40.2106696
2339726 16.3874425 16.3874692 48.2026639 48.2026872
2340337 11.6169358 11.6171346 42.3257134 42.3258531
2341247 43.9178274 43.9190389 56.2546293 56.2551686
2344187 16.3226602 16.3242809 48.2218759 48.222764
2346637 16.3359928 16.3376187 48.1872512 48.1883819
2348247 69.2405913 69.2413973 41.2677067 41.2681974
2348807 39.7036481 39.7038324 47.2156448 47.2158087
2348826 39.7029047 39.7030743 47.2154667 47.2155434
2351117 39.7158381 39.7162735 47.2184199 47.2186787
2352326 16.3337097 16.3339167 48.1899057 48.1900453
2352606 16.3345151 16.3346393 48.1918581 48.1919379
2352937 39.7764013 39.7786059 57.6685902 57.6694521
2354127 16.3884229 16.3889616 48.2061169 48.2064062
2355597 14.5061196 14.5095195 46.0472486 46.0506446
2355667 14.510651 14.511274 46.0500197 46.0506834
2356036 15.7010124 15.7012903 48.9434913 48.9436736
2362406 130.2943795 130.294611 33.2782026 33.278372
2363176 12.1997842 12.2000289 50.6559943 50.6561263
2363857 12.5827278 12.5832078 45.6219843 45.6221969
2365747 39.7119415 39.7122337 47.2187791 47.2189868
2366046 91.1331537 91.1332107 29.6531915 29.6533414
2367077 43.9225168 43.9228325 56.2937308 56.2939244
2368846 2.2876944 2.2877499 41.5993232 41.5993552
2369107 12.3299444 12.3319656 45.4420988 45.4431025
2369756 54.3806167 54.381347 24.4788668 24.4795826
2373307 12.3298424 12.3302872 45.4339535 45.4344571
2374287 14.8355379 14.8360067 48.6700139 48.6702916
2374637 16.3591281 16.3595021 48.1933811 48.1937136
2375216 16.3715269 16.371617 48.2042367 48.2043299
2375827 12.3206063 12.3209312 45.4307772 45.4310845
2377666 2.281532 2.2815963 41.6077942 41.6078421
2377927 10.2198783 10.2215803 45.0078503 45.0092564
2378347 37.667652 37.6678507 55.7657422 55.7658914
2379206 2.2867441 2.2867866 41.5952377 41.5952731
2379677 99.6328577 99.6329713 7.7830878 7.7833163
2380517 43.9260859 43.9262829 56.2922805 56.2925336
2380956 15.2071705 15.2073042 48.0282009 48.0282726
2382216 12.6738217 12.6739591 45.5752955 45.5753846
2382286 15.235888 15.2360318 48.013114 48.0131721
2382776 12.3268417 12.3269684 45.4392454 45.4393422
2382827 12.3279575 12.3284943 45.4384298 45.4387764
2383877 13.3395328 13.3402997 52.5407613 52.5413464
2386696 11.3354608 11.3354857 50.7218043 50.7218502
2387097 121.2413328 121.2415464 14.1662248 14.166416
2387447 16.3400005 16.3404565 48.2284318 48.2286839
2387727 14.8437763 14.8441105 48.6526883 48.6528573
2387956 2.4893587 2.4895107 42.1836766 42.1838161
2389006 2.984096 2.984199 50.541669 50.541739
2389057 -3.7962887 -3.7957742 40.4434895 40.4438277
2390037 13.5093685 13.5117415 51.1940207 51.1951884
2390177 39.722091 39.7227065 47.2216906 47.2219963
2396496 10.2887847 10.2888892 44.8077497 44.8077972
2396617 39.7017843 39.702224 47.2213262 47.2214974
2398106 10.3297102 10.3297403 44.7997668 44.7998096
2398157 10.3316487 10.3322 44.8016155 44.8020044
2398176 10.3275301 10.3276337 44.8001708 44.8002378
2398227 10.3327386 10.3329704 44.7993142 44.7995589
2398246 10.3083314 10.3084356 44.8019247 44.8020026
2398297 10.3276845 10.3279396 44.796431 44.7967993
2398316 10.3178098 10.3178567 44.8026929 44.8027225
2398367 10.3353047 10.3355668 44.8000725 44.8004617
2400397 7.161414 7.1622281 46.8006568 46.8010888
2404317 10.2642175 10.2645489 44.6179224 44.6181469
2404457 16.3379242 16.3382301 48.229 48.229361
2404616 15.089424 15.0895433 37.5037744 37.503855
2404947 6.7821172 6.7836679 50.9605338 50.9615205
2405437 9.6549461 9.6556095 44.4914373 44.4917512
2405717 3.3607462 3.3614964 51.3011031 51.3014668
2406366 3.1759856 3.1760689 50.6913484 50.6914181
2409777 43.9970358 43.9972166 56.3010637 56.3014074
2410636 2.3232548 2.3232895 48.8861449 48.8861712
2410706 2.3171937 2.3173959 48.889558 48.8896909
2410776 -3.6996365 -3.6992138 42.3418705 42.3421685
2411387 14.9969659 14.9976204 48.208987 48.2093835
2413207 39.6988973 39.6992626 47.2184401 47.2186404
2415027 33.7220709 33.7226157 53.5167469 53.5169221
2415396 12.6734691 12.673521 41.8271266 41.8271656
2416637 43.9947917 43.995656 56.2862287 56.2864541
2417356 1.0985402 1.0987444 49.4389961 49.4391753
2418107 7.6587911 7.6603318 45.0584556 45.0598153
2419087 11.9744245 11.9756988 44.4169722 44.418183
2420366 12.0394863 12.0396408 44.5109676 44.5110782
2421327 12.0493689 12.0501122 44.4498336 44.4502642
2424687 16.1736105 16.1739727 49.8246723 49.8248994
2426997 10.3274796 10.3285115 44.8048384 44.8056402
2427016 10.3301687 10.3304616 44.8079133 44.8081657
2427067 10.3305115 10.3307719 44.8057107 44.805929
2427137 10.3215557 10.3217438 44.8042489 44.8044327
2428467 10.0581211 10.0588018 44.8645217 44.8651055
2428677 10.0435883 10.0439958 44.9838275 44.9841912
2428696 10.1276477 10.1278113 45.0184873 45.0186085
2428817 10.141303 10.1417253 44.7558079 44.7561439
2429956 14.6449449 14.6451864 42.1906962 42.1908605
2432896 -3.3291726 -3.3286541 42.5506013 42.5509832
2433106 -0.0673667 -0.067274 51.4117266 51.4117864
2433736 5.7674898 5.7675863 43.7859684 43.7860574
2437427 39.8138094 39.8140359 54.5862113 54.5862946
2437796 9.9611211 9.9612311 44.5237013 44.5237896
2438757 20.9417974 20.9449937 64.7517202 64.7526012
2441646 16.3294754 16.3295078 48.2229664 48.2229865
2442467 9.7202878 9.7206209 45.03141 45.0316379
2443237 9.9336591 9.9341449 44.9961625 44.996729
2444287 9.9107819 9.9112069 44.9270573 44.927378
2444427 30.3393964 30.3409941 59.8964959 59.8969922
2444796 9.8292614 9.8293435 44.8245192 44.8245826
2445496 9.7382268 9.7383596 44.8829057 44.8829971
2445986 16.3645352 16.3645847 48.1965762 48.1966094
2446037 -8.5420308 -8.5410728 41.7923241 41.7929628
2446177 9.6712401 9.672008 44.9125662 44.9131094
2446336 9.6903498 9.6904237 45.0378005 45.0378489
2446667 131.6033149 131.6044544 33.2162358 33.2168001
2446686 -4.4186207 -4.4184618 36.736331 36.7364584
2448086 16.4030655 16.4037954 48.1974538 48.197815
2448786 16.3554505 16.3555451 48.2308176 48.230917
2449467 9.6362603 9.636673 45.0193208 45.0195024
2449486 9.6618902 9.6620411 45.0378039 45.0379273
2450536 32.9026932 32.9027755 2.25622 2.2563275
2451147 1.0426174 1.0431574 49.4105468 49.4109034
2451497 9.609756 9.6101555 44.789064 44.7893997
2451516 9.6225611 9.622861 45.0246239 45.0248189
2451707 16.3500198 16.3505746 48.2442864 48.2449782
2451796 9.6931759 9.6937107 45.056929 45.0573152
2451866 9.691536 9.6918267 45.0534025 45.0536
2451917 16.3635561 16.3640793 48.1973572 48.1977125
2451987 9.6838039 9.6846536 45.0544252 45.0555506
2452216 9.6890899 9.6892486 45.0489408 45.0490581
2453947 37.5476758 37.5483594 55.3793581 55.3795685
2454507 9.4460971 9.4465774 44.9496482 44.9501298
2458096 27.9140435 27.9142816 43.1976053 43.1977485
2458357 7.2019781 7.2021239 51.1639953 51.1640737
2458917 2.3635124 2.3638115 48.8925153 48.8927549
2459197 2.3444177 2.3447989 48.8885828 48.88874
2459547 9.3854094 9.3866097 44.7665264 44.7671111
2461717 12.199373 12.1996514 45.5631011 45.5632835
2462207 12.2330667 12.2332683 45.5570372 45.5571875
2462627 12.271404 12.271608 45.5546702 45.5547932
2464027 12.3981721 12.3986908 44.2013304 44.201914
2465007 7.1317183 7.1322089 51.0540923 51.0542399
2465026 12.35178 12.3521824 44.1658944 44.1661865
2465796 -4.044259 -4.0440578 42.4184918 42.4186795
2466496 60.3597294 60.3598308 41.3768287 41.3769277
2468736 12.2626627 12.2627701 44.1374458 44.1375155
2468787 16.3716604 16.3720904 48.2066758 48.2068973
2470047 37.6126944 37.6151978 55.7481514 55.7489111
2470677 12.3233458 12.3235356 44.2056166 44.2058407
2471027 12.1932554 12.1936354 44.0926286 44.0928609
2471326 16.3665592 16.3666224 48.210634 48.2106751
2472147 12.0438191 12.0442924 44.2200286 44.2203564
2472166 12.0527716 12.0531763 44.2236991 44.2239025
2479567 12.9985056 12.9989976 45.6304739 45.6309211
2479847 12.0593956 12.0598449 44.2189637 44.2192968
2480127 16.3702986 16.3708072 48.2072899 48.2075313
2480197 12.0522518 12.0527697 44.208112 44.2083755
2484117 12.0376591 12.0380409 44.196845 44.1971456
2498327 12.2821435 12.2824291 45.2215082 45.2216799
2499027 12.0125448 12.0127965 44.2325156 44.2327487
2499237 12.0032595 12.0038213 44.2133868 44.2136486
2499937 11.9817548 11.9822154 44.1024373 44.1026652
2500637 -43.1151494 -43.1141895 -22.9019438 -22.9011467
2500707 23.9256474 23.9259247 54.8897348 54.8898916
2501127 -8.144183 -8.144087 42.2874477 42.2875321
2502756 11.8911281 11.8912113 43.9302421 43.9303015
2503176 5.7304794 5.7305266 45.1965007 45.196534
2504366 7.7259734 7.7260793 44.5497195 44.5497751
2505467 16.3762398 16.3765769 48.2084057 48.2086625
2505486 -2.7268769 -2.7263743 51.120437 51.1207421
2505626 10.8872855 10.8874119 44.8209298 44.8209802
2506307 -8.1431692 -8.143049 42.2884175 42.2885007
2507497 16.3513286 16.3516178 48.228793 48.2289782
2508846 15.988193 15.9883608 38.3166076 38.3167032
2513167 8.420593 8.4211891 45.324334 45.3247872
2517106 12.3012917 12.301395 44.8540477 44.8540988
2517157 44.0200837 44.0203726 56.3038351 56.3039363
2517386 3.0995858 3.0999042 50.9459773 50.9462409
2517437 12.1048162 12.1060194 44.8319101 44.832619
2517596 17.5373927 17.5377305 49.4833357 49.4834894
2517876 11.9675373 11.9676367 44.8653148 44.8653792
2519677 64.4122984 64.4129643 39.7737634 39.7742641
2519747 9.6903264 9.6918603 52.3728645 52.3741116
2520676 2.2420837 2.242172 43.6084085 43.6084556
2522337 12.183102 12.1839142 44.6930609 44.6936264
2524157 11.8942868 11.8946437 44.8183889 44.8188101
2524456 11.8453262 11.8454117 44.9102107 44.9102715
2525977 16.3622782 16.3625765 48.244969 48.2451674
2527956 16.307673 16.3077067 48.1894897 48.1895211
2532837 130.8824202 130.8828235 33.886822 33.8871565
2533397 39.7214599 39.7216302 47.2280169 47.2281155
2533537 39.7184053 39.7185149 47.2270848 47.2271859
2534517 35.3519673 35.3531059 52.3453853 52.3460052
2534536 10.8950406 10.8951066 45.3355631 45.3356091
2535427 30.4701122 30.4714313 59.8656496 59.866301
2536127 106.8021483 106.8028069 -6.588586 -6.5879868
2538787 23.9253544 23.9257481 54.8952199 54.8953511
2544406 -74.1510212 -74.1507852 41.0665595 41.0666929
2544826 -75.5522173 -75.5521586 10.4226443 10.4227119
2546277 -8.8907079 -8.8904115 42.7861436 42.7867057
2546697 11.7761524 11.7767212 57.7302679 57.7306979
2546837 -75.5505452 -75.5502277 10.4249414 10.4251814
2551457 -1.070677 -1.0688193 54.6002952 54.601248
2556026 -82.6322207 -82.631857 27.7766193 27.7769868
2557706 -82.7010262 -82.7009263 28.126551 28.1266434
2559507 30.2658952 30.2659697 59.8315446 59.831584
2561836 -3.8727462 -3.8726766 55.9822562 55.9823066
2562377 39.7211446 39.7215008 47.2251119 47.2253397
2562797 39.7183118 39.7190447 47.2236433 47.2241529
2563077 12.0462148 12.0464139 45.4209622 45.4211405
2563847 39.7132821 39.7136819 47.2220996 47.2222506
2564267 141.1958438 141.1966437 43.1384915 43.1392395
2565826 -121.6232115 -121.6231617 37.0057895 37.0058289
2566176 13.7493244 13.7494582 47.8512031 47.851295
2567067 16.3664604 16.3671408 48.2603737 48.2610186
2567977 -16.2704489 -16.2701803 28.4549824 28.4556342
2568766 7.3654787 7.3655716 48.1169995 48.1170512
2569937 50.3840313 50.3842758 53.2597399 53.2598695
2570497 9.9672159 9.9681077 45.5556603 45.556337
2576027 -3.9968498 -3.996077 31.0459176 31.0466156
2576326 129.7373136 129.7374031 32.6267126 32.6267879
2577656 16.3387173 16.3387957 48.2576376 48.2577025
2577777 40.789536 40.7898106 44.4522152 44.4523568
2578337 39.7140624 39.7142275 47.2259713 47.2260774
2579947 -0.5688838 -0.5686703 44.8338201 44.8339632
2579966 -0.5658397 -0.5657685 44.8323264 44.8323748
2581977 43.9471559 43.9473315 56.3049715 56.3052374
2587507 9.7762141 9.7787622 52.3381824 52.3392554
2588137 55.7528824 55.7537948 49.8556601 49.8561522
2588417 39.7116196 39.7121742 47.2248582 47.2252069
2589817 -16.7879016 -16.7878164 28.3275772 28.3277308
2589957 -119.0135477 -119.0120653 35.3468256 35.3477099
2590867 77.0653157 77.065755 28.4857242 28.4861076
2593317 19.2381241 19.2386803 47.4801101 47.4806549
2594666 -82.7699443 -82.7696481 27.7683922 27.7687231
2594787 30.2876303 30.2900225 59.9954712 59.9963716
2597377 -109.4504074 -109.4498329 27.0611038 27.0614895
2601227 -8.9777428 -8.9775726 42.7914298 42.7915548
2603607 -8.9782725 -8.9780738 42.7921102 42.7922775
2604727 30.3469435 30.3474202 59.8780434 59.8782805
2605287 59.637038 59.6375404 55.1563347 55.1566435
2605586 8.6381322 8.6386609 49.8725495 49.8727797
2609366 15.9154222 15.9156628 47.266913 47.2669661
2610906 -70.5011631 -70.5004613 -33.3644835 -33.3642265
2611727 12.549891 12.5502695 45.7352407 45.7354675
2612287 -115.4456031 -115.4451222 32.6319499 32.6322866
2612777 11.7980283 11.7986235 51.1629153 51.1632133
2614457 10.9784925 10.9794983 48.3575218 48.3579389
2615997 18.5257852 18.5261237 4.4043713 4.4046408
2619077 1.452204 1.45263 43.610509 43.610696
2619236 -121.6045191 -121.6044571 37.0046798 37.0047438
2621247 43.955195 43.9554218 56.2828304 56.2831086
2624047 16.0283657 16.0287046 47.2648627 47.2651012
2627617 14.1372926 14.1378006 48.1180251 48.1183289
2630907 16.0230719 16.0234545 47.2623935 47.2626244
2632167 28.8542854 28.8545169 -2.5109856 -2.5107429
2632396 6.1697175 6.1701669 49.6304801 49.6307707
2632676 11.0057594 11.0058851 45.2729325 45.272995
2634197 -121.6148008 -121.6145586 37.0019742 37.0021809
2634407 34.3765651 34.3771845 53.2409269 53.2412014
2635667 -92.6381489 -92.6376043 16.7214457 16.7219984
2635756 16.3068821 16.3069949 48.2230778 48.2231934
2636227 47.7140287 47.7143099 55.8639768 55.864106
2637067 43.4582971 43.4584018 56.2454369 56.2455073
2637226 -0.2049888 -0.2048219 51.095299 51.0958505
2637436 14.1467299 14.1468877 47.85769 47.857828
2638887 -4.7187844 -4.7178581 37.9133667 37.9140663
2639886 -70.0817157 -70.0812677 41.6830208 41.683242
2640567 39.7031551 39.7033343 47.2161347 47.2162399
2646606 120.802353 120.8024514 23.8278758 23.827958
2647586 15.0315843 15.031803 58.5495055 58.5496124
2647637 -97.1639821 -97.1624981 33.2169849 33.2175066
2649266 29.1418945 29.1421121 -3.4063587 -3.4062793
2652257 -3.2169183 -3.2155614 39.3990277 39.3999386
2656877 16.3826575 16.3842294 48.2363255 48.237484
2657157 23.4495473 23.4503768 51.1443435 51.1449138
2661656 14.0008565 14.0010594 48.085914 48.0860525
2664456 16.3371833 16.3372396 48.1792072 48.1792475
2666117 16.3435125 16.3438483 48.1829592 48.183209
2667097 11.7407088 11.7418907 45.175877 45.1768909
2667237 -6.4882871 -6.4872948 52.4448055 52.4454971
2669006 14.2856989 14.2858474 50.1112254 50.1113208
2669547 37.6105467 37.6112423 55.7612767 55.7617013
2669617 -5.1653708 -5.1648173 36.7399876 36.7405325
2670686 13.9326106 13.9328038 48.0669403 48.0670597
2673117 39.718911 39.7190575 47.21688 47.2170296
2674956 11.5301146 11.5301702 3.8570949 3.8571424
2676617 18.9777465 18.9783794 47.6545189 47.6549602
2677247 39.6244524 39.625343 54.6547897 54.6556654
2678246 8.6657956 8.6658843 47.5292065 47.529267
2679226 17.3521507 17.3522828 46.7544627 46.7545514
2680136 1.9157086 1.9164146 41.4773824 41.4780245
2682427 -5.6766031 -5.676437 40.9746967 40.9748033
2684877 -16.4242613 -16.4238235 16.0609456 16.0613728
2699367 139.6991549 139.6995786 35.7536937 35.7542745
2700347 16.532683 16.533105 49.449909 49.450266
2702097 11.208446 11.2088193 49.5459206 49.5460613
2703026 -3.8843605 -3.8841445 48.6756348 48.6759918
2706787 12.1263189 12.126722 50.9134459 50.9136601
2709097 35.067746 35.0685145 32.9196225 32.9203325
2712476 5.2567119 5.2567491 43.4375887 43.4376152
2714487 13.9207062 13.9214955 48.1731508 48.173589
2715187 19.0157363 19.0162382 50.2590707 50.2593202
2719457 12.4705822 12.4710441 41.9248617 41.9253002
2721137 18.7873089 18.7876903 50.2950053 50.2953474
2721347 5.7684137 5.7690094 43.7050432 43.7055584
2725757 69.2741376 69.2749719 41.2885995 41.2890424
2729607 39.7504209 39.7510171 47.2284443 47.2289017
2732496 77.0278885 77.0279728 28.6035654 28.6036501
2733527 14.5699281 14.5706299 48.1769269 48.177376
2733737 14.5328582 14.5335371 48.1220046 48.1224491
2734577 30.384297 30.3848902 59.9822408 59.9825701
2734787 12.4718967 12.4722111 41.8889118 41.8891404
2741017 15.061198 15.0622983 37.4984908 37.4990982
2742646 141.3928344 141.392933 43.1555564 43.1556054
2745427 22.0401039 22.0401558 50.0309308 50.0310182
2748227 16.3055439 16.3058522 48.1893312 48.1895257
2748297 54.3813036 54.3828278 24.4548415 24.4562716
2749137 -111.8754773 -111.8752878 33.2398871 33.2401444
2749207 14.364672 14.3648793 41.0963261 41.0965016
2751396 8.440377 8.4405148 45.7891274 45.7892359
2751657 16.3306722 16.3311069 48.1861558 48.1864403
2752656 16.3689467 16.369026 48.1965179 48.1965761
2752987 16.3595307 16.3602423 48.1963606 48.1967693
2753197 14.0784116 14.0789833 48.0490048 48.0494683
2753337 24.7612208 24.7613741 40.7062423 40.7063618
2753757 14.3652721 14.3653581 41.0971378 41.0971832
2754317 14.0646819 14.065389 48.0377718 48.0383241
2757327 43.8464014 43.8465305 56.3109905 56.3110311
2758116 6.1406675 6.1408345 49.5960085 49.5961159
2758727 39.8839699 39.8843548 57.6411197 57.6416257
2759077 -84.5610112 -84.5586455 39.4182422 39.4203226
2760146 14.2636 14.263755 48.0833541 48.0835172
2760216 14.2708266 14.2710745 48.0837705 48.0839446
2762367 14.3663022 14.3665307 41.0963253 41.0964612
2762997 43.9285723 43.9287809 56.2985732 56.2986609
2763557 43.8490591 43.85013 56.3104054 56.3109065
2763977 135.7734876 135.7737322 34.9940346 34.9942654
2765517 16.3220909 16.3224729 48.2349958 48.2352612
2765606 -112.0567854 -112.0566009 33.4955759 33.4956991
2767706 24.7150287 24.7152666 48.9235744 48.9237223
2768196 135.7931246 135.7932499 35.0240583 35.0242294
2771887 4.3740134 4.376359 51.1823527 51.1827974
2783577 43.8799616 43.8810308 56.3025737 56.3029374
2786536 -4.1733416 -4.1731576 14.4722255 14.4723536
2788617 72.8247707 72.8253131 18.9296049 18.930139
2788967 8.7149847 8.7154004 44.4179279 44.4181365
2789406 13.3918458 13.3919492 9.3311724 9.3312765
2792047 8.2726508 8.2734807 50.0027945 50.0033197
2794427 -4.190368 -4.190151 14.4923564 14.4925813
2795986 -2.6813485 -2.6807521 42.845087 42.8456878
2797297 44.1269612 44.1274738 55.1886509 55.1889249
2803737 43.8802573 43.8803836 56.3077483 56.3079429
2805417 3.2171631 3.2174644 39.3607948 39.3610332
2805436 15.0041798 15.0042232 37.5199878 37.5200356
2811017 136.9797244 136.9799696 35.2490721 35.2492544
2813327 -84.6422176 -84.640973 39.4331393 39.434229
2814746 -87.6989884 -87.6986975 41.9506136 41.9508219
2814816 -87.6947325 -87.6945099 41.9832954 41.9834699
2815217 10.0575115 10.0582319 13.1348483 13.1357403
2815306 -4.6713414 -4.6712995 14.5610685 14.56113
2817947 7.0225747 7.0227419 46.2493873 46.2495253
2818087 7.0196413 7.0199057 46.250689 46.2507942
2819907 7.0282203 7.0283211 46.2482749 46.2483354
2820257 11.3486998 11.3495091 44.4956091 44.4961494
2821867 -87.6473351 -87.6465725 41.9457753 41.9462213
2823146 6.0895604 6.0897003 50.91381 50.9139077
2823827 69.5920153 69.59284 41.4707763 41.4713944
2824126 13.8713635 13.8715142 48.1541916 48.1542645
2826067 43.9562918 43.9566368 56.3198995 56.3201578
2828657 -112.0389569 -112.0387059 33.4224507 33.4228044
2829427 78.3490685 78.3506947 17.4450541 17.4465318
2830827 17.6336805 17.6351463 47.685709 47.6867711
2831266 16.3588583 16.3589128 48.193882 48.1939166
2832507 16.724251 16.72464 49.708386 49.708643
2833016 17.6197045 17.619887 47.6830849 47.6831708
2833417 7.0191904 7.0193162 46.2490334 46.2491216
2833646 17.6258132 17.6262386 47.686355 47.686629
2834257 60.2756347 60.275931 56.0246779 56.024835
2834976 14.0491388 14.0493474 48.136336 48.1365241
2836217 -70.9305276 -70.9284659 42.8483522 42.8495958
2836516 -70.3257484 -70.3254484 41.7008045 41.7010288
2837407 -71.0993387 -71.0991519 41.8651437 41.8653009
2837706 -70.9055724 -70.9051231 42.5750503 42.5751831
2838196 -89.4423856 -89.4421491 30.4078509 30.4079577
2838266 -70.0622417 -70.0621177 41.7674632 41.7675837
2838317 -70.956553 -70.9559431 41.9424978 41.9431371
2839927 -89.4414766 -89.4412739 30.3770403 30.3771162
2840646 -0.1346914 -0.1343708 50.9547797 50.9549744
2841136 -72.6125959 -72.6123605 42.4724892 42.4725336
2841486 -71.888624 -71.8884816 42.0414881 42.0416475
2841747 38.6459966 38.6465098 54.7789344 54.7795005
2842447 9.728099 9.730425 57.164211 57.165631
2842956 9.597767 9.597952 57.066159 57.066218
2843007 9.080144 9.081205 57.109348 57.109815
2843306 -72.5352134 -72.5350088 42.0604236 42.0605938
2843497 -71.1377631 -71.1369405 41.6880432 41.6889742
2843567 43.9457758 43.94713 56.3199 56.3205978
2843796 -70.639464 -70.6393794 41.5648955 41.564962
2843987 7.0076362 7.0078094 46.2573992 46.2575183
2845196 -71.2411854 -71.2408977 42.0499762 42.050162
2845317 -71.4311002 -71.4298395 42.3209899 42.32212
2845667 -72.6089814 -72.6086129 42.366245 42.3665042
2845947 -71.0248929 -71.0234711 42.1311669 42.1323217
2846157 -51.2090339 -51.2083384 -30.0778992 -30.0773164
2847067 -72.5953383 -72.5931733 42.2077993 42.2094173
2847767 -70.0993777 -70.0977281 41.2689623 41.2699995
2848327 43.9974134 43.9976815 56.3302417 56.3304297
2848467 16.2446966 16.2450374 49.6710293 49.6712482
2849256 -72.726803 -72.7267088 42.15202 42.1521195
2849377 -72.6302761 -72.6283247 42.1340687 42.1350865
2849517 -70.9453857 -70.9451214 42.2498951 42.2501258
2849536 16.2108079 16.2109051 49.7719771 49.7720414
2849657 -73.1832019 -73.1826914 42.7210087 42.7214751
2849956 -71.1617195 -71.1616184 42.5127392 42.5128158
2850147 -71.7934918 -71.792566 42.2477794 42.2486478
2851146 16.0402915 16.0403946 47.261669 47.2617455
2852546 -71.5540277 -71.553752 42.154358 42.1545528
2853087 -70.9324258 -70.9308966 41.63446 41.6350345
2854767 -71.2930443 -71.2922004 42.1081819 42.1090088
2855607 -70.9447547 -70.9422666 42.5245668 42.5264403
2855887 7.0028191 7.0030753 46.2522693 46.25244
2856377 7.0060424 7.0062719 46.2537248 46.2539025
2856536 -3.0445867 -3.0433889 55.9487213 55.9493517
2858146 12.4657587 12.4662088 41.9069463 41.9071918
2859387 2.386642 2.386861 50.887674 50.887843
2860017 38.9151684 38.9159139 54.9582454 54.9584311
2861557 7.0272202 7.0273551 46.2343038 46.2343985
2863167 139.7363904 139.7370744 35.6195574 35.6202566
2863307 -71.0462618 -71.043797 42.1617264 42.1627976
2863937 -57.0633674 -57.0631191 51.4338786 51.4340359
2864236 -71.9426972 -71.9426054 42.4006453 42.4007149
2864287 6.8948367 6.8957438 46.5203846 46.5214951
2864357 -70.9005157 -70.8998537 42.8432897 42.8438596
2864376 -70.5146208 -70.5140486 41.7661955 41.7665198
2864427 -71.7304741 -71.7296544 42.2854896 42.2864524
2864917 -72.5519854 -72.5512129 42.0939979 42.0948897
2865127 -72.5938448 -72.5921043 42.1148039 42.1164315
2866597 -71.0987989 -71.0985563 41.8964941 41.8967117
2866737 31.5818181 31.5820092 4.9458355 4.94596
2866807 4.3741046 4.3758008 51.1902209 51.1911715
2867316 14.5278254 14.5279879 48.199207 48.1992934
2869976 -2.803993 -2.8037931 47.6575278 47.6577916
2870046 15.2776564 15.2779209 48.1345572 48.1347055
2870727 7.0161303 7.0162156 46.2499083 46.25004
2871707 12.6016807 12.6032939 53.3699322 53.3709177
2873597 2.1673877 2.1692756 41.3829695 41.3841796
2874997 37.2840447 37.2852259 55.7875475 55.7883095
2875716 3.0514522 3.0517714 36.7617529 36.7621182
2875767 -71.2644394 -71.2638622 41.9317382 41.9323568
2877027 -4.2005138 -4.1999842 40.3250607 40.3254645
2880247 14.3990635 14.3997037 48.0171845 48.0176591
2880597 7.0180318 7.0181743 46.2502527 46.2504185
2882277 9.9848258 9.9856078 53.5640697 53.5645038
2883537 44.5095214 44.5101534 40.798284 40.7987496
2884937 14.5417058 14.5422967 48.4714171 48.4718848
2885306 14.3836196 14.3838142 47.9949245 47.995023
2885516 12.4546598 12.454939 41.90636 41.9065666
2885847 10.2098492 10.2109686 53.4898646 53.4905471
2886076 18.0597187 18.0599152 59.3359304 59.3360242
2886636 15.0920671 15.0921842 37.5121409 37.5122784
2887527 16.0419215 16.0422999 47.240189 47.2404516
2888316 -0.267678 -0.267468 43.341818 43.341968
2888666 23.6465416 23.6466205 37.9442769 37.944331
2894546 34.7692611 34.769459 32.0604436 32.0607794
2895717 -122.3828589 -122.3825271 47.6912233 47.6914305
2898606 12.8144247 12.8145648 53.2745249 53.2746154
2899306 149.0838625 149.0841518 -35.2365611 -35.2363567
2899497 43.9913488 43.991665 56.3296742 56.329854
2899777 7.6794417 7.6801143 45.0721571 45.0725888
2906497 44.0087602 44.0090745 56.330017 56.3301923
2907267 2.2033297 2.2035205 48.8678731 48.8679693
2908597 135.764676 135.7651465 35.0306024 35.0309475
2911607 30.2051455 30.2058178 69.4025554 69.4028874
2912867 8.2187047 8.2192451 50.0175286 50.0178807
2912937 -0.1093211 -0.1083845 51.5132684 51.514088
2913656 174.8228969 174.8231103 -41.2187476 -41.2186133
2913987 13.9968856 13.9973858 48.1117982 48.1121621
2914986 44.5103015 44.510765 40.1744954 40.1747804
2915667 73.8125925 73.8127407 18.4931751 18.4933997
2915737 12.1411889 12.1413757 47.4627455 47.4628719
2915966 8.5551945 8.5553545 40.7438979 40.7440277
2916087 -85.9713336 -85.9697952 39.8600369 39.8611351
2916577 119.2984558 119.2985448 -9.3997671 -9.3996699
2916647 85.3202989 85.3206047 27.7022452 27.7026448
2917996 12.2078872 12.2081529 45.4868466 45.4872391
2918066 14.0295026 14.0297367 48.1029984 48.1031341
2918887 -48.2340996 -48.2318943 -18.9143641 -18.9118534
2919867 -3.2877777 -3.2874265 42.0206329 42.0208841
2919937 -82.640547 -82.6398568 27.8631839 27.8636819
2930577 16.481305 16.481845 49.688009 49.688369
2931016 19.5209494 19.5211125 48.0816328 48.0818033
2931207 -122.2949473 -122.2942131 47.7193589 47.7199214
2932257 8.6543096 8.6557515 56.7198283 56.7203768
2940167 135.7696998 135.7699785 34.9395309 34.9397368
2944997 8.6173834 8.6177155 45.9026657 45.9030364
2950877 70.0582432 70.0592834 41.0208532 41.0219261
2952207 121.0440134 121.0448506 14.5650933 14.565619
2952926 13.0575784 13.0580065 53.3671129 53.3672276
2954447 44.0213713 44.0216036 56.3239841 56.3240819
2954517 7.2195982 7.2198146 51.1417476 51.1418715
2956076 119.1967719 119.1968257 -9.4428946 -9.4428484
2956566 119.1934509 119.1935008 -9.4362864 -9.4362319
2957037 7.2108549 7.2112115 51.1367746 51.1370153
2957406 13.9380428 13.9382544 48.2390823 48.2391859
2961097 44.0218537 44.0223778 56.3252315 56.3255361
2961396 16.3332838 16.3333933 48.2225076 48.2225777
2961657 69.828516 69.8292414 41.4056667 41.4064039
2963636 2.192885 2.1939723 41.410592 41.4114604
2964947 -122.3077319 -122.307398 47.6615981 47.6618854
2965386 33.2084398 33.208613 0.4321499 0.4323271
2966996 12.4017308 12.4018426 43.9076402 43.9077245
2967486 12.4493572 12.44971 44.0646328 44.0649824
2970127 119.2060804 119.2062173 -9.4309786 -9.4308523
2970286 16.3204127 16.3204461 48.2222839 48.2223099
2970617 12.5646044 12.5665352 44.0584077 44.0596033
2971756 13.9171934 13.9173933 48.2208207 48.220916
2972946 7.0633148 7.0634783 50.6133434 50.6134916
2979087 173.8562747 173.8568269 -35.3978756 -35.3968341
2982377 12.5186689 12.519119 41.9126092 41.9130336
2985667 16.3654216 16.3659252 48.2326052 48.2328653
2986437 23.728098 23.7286592 37.9809207 37.9813453
2990917 16.3651435 16.3656805 48.2027566 48.203057
2994977 4.3633446 4.3636775 50.848317 50.8484556
2995117 12.4008456 12.4020344 55.7357139 55.7362111
2996746 8.015738 8.0157794 43.8753649 43.8753965
3000736 10.9893938 10.9896862 50.9210185 50.92124
3005127 10.1198267 10.1200601 45.5632083 45.5634081
3008067 37.5118499 37.5122492 55.7704331 55.7707409
3010307 14.1823743 14.1832061 48.0618629 48.0624024
3010536 -3.6872707 -3.6871589 40.4226519 40.4227418
3012547 174.7007855 174.7016252 -36.7327157 -36.7320647
3015557 13.298323 13.2993748 52.5653157 52.5657138
3015837 19.690841 19.6920784 46.9061248 46.9071277
3016537 10.1272044 10.1276438 44.2387148 44.2390293
3017816 4.3815087 4.3816508 50.7767998 50.7768729
3019356 13.7863682 13.78725 51.025368 51.0259271
3019636 17.9758312 17.9763296 59.2363137 59.236516
3022767 43.9874842 43.9877891 56.3275419 56.3277309
3027527 -47.494081 -47.4938422 -5.5210661 -5.5208176
3046217 103.8705323 103.8727423 13.4610322 13.4628274
3046446 103.9744374 103.9747411 13.3353947 13.3354384
3048476 27.8112534 27.8118002 42.7030932 42.7034542
3058677 9.2492534 9.2498198 45.3937817 45.3941817
3059027 93.7109965 93.7113873 7.4077961 7.408166
3059097 10.2387192 10.2389613 44.8852641 44.8854152
3061636 -122.3181764 -122.3181279 47.5882114 47.5882351
3064207 4.3793375 4.3799837 50.8732556 50.8736344
3068337 9.2812505 9.2816823 45.5840969 45.5844967
3068706 14.6744001 14.6745186 48.2627678 48.2628508
3070157 -3.687077 -3.6866764 40.4249219 40.4252248
3071697 11.1947397 11.1966273 49.1847284 49.1857747
3074077 6.9473875 6.9475954 46.249675 46.2498205
3074777 4.4022146 4.4024199 50.8563031 50.8564674
3074847 29.7447171 29.7449346 59.9085451 59.9086526
3080447 -0.7028588 -0.7018897 52.0318758 52.0323319
3083247 16.2232056 16.2243788 38.2712349 38.272004
3085207 6.9471457 6.9473557 46.2530028 46.2531063
3089617 6.9516782 6.9518939 46.2570142 46.2571913
3089636 45.0116563 45.0117318 53.1306421 53.1307415
3089706 -84.8870552 -84.8862771 39.8452473 39.8457971
3091297 6.9531137 6.9533437 46.2619654 46.2621079
3091367 6.9465594 6.9467907 46.2522423 46.2523736
3091806 13.0422928 13.0426058 55.5638876 55.56408
3093397 14.0457421 14.0461693 48.0638452 48.0641704
3101167 -122.121079 -122.120303 37.444286 37.444856
3101326 -6.2527784 -6.2522823 53.3407277 53.3409233
3101377 6.9548208 6.9550225 46.2566192 46.2567763
3106487 14.4041073 14.4055324 46.9532475 46.9541338
3107677 30.3105863 30.3117475 59.9324644 59.9330972
3112717 121.6006983 121.6012977 38.9144099 38.9147918
3113436 -118.4497655 -118.4496293 34.0687061 34.0687991
3113697 6.850365 6.8506722 46.3381132 46.3382154
3114187 37.5338161 37.5342908 55.7539331 55.7542902
3116567 9.1873545 9.187771 45.4668897 45.4672132
3118387 37.6556339 37.6563371 55.7142006 55.7144545
3120926 14.0645359 14.0648085 48.0579869 48.0581967
3122657 6.9386517 6.9387978 46.2490292 46.2491383
3123077 -122.3565088 -122.3561667 47.6284288 47.6286316
3125107 7.8648802 7.8655645 48.1162157 48.1166691
3132247 102.0515627 102.0520539 53.9253366 53.9256158
3132807 3.7217592 3.7231454 51.0582462 51.0591702
3135906 135.7784287 135.7785525 34.9176342 34.9181427
3136396 16.1359955 16.1361162 48.7071281 48.7071707
3144357 85.0412741 85.0416024 27.4587691 27.459082
3148996 135.4796916 135.4799772 34.5759406 34.5761572
3149486 28.0197173 28.0198463 36.0778703 36.0779759
3151007 28.6016361 28.602967 43.8593478 43.8608316
3151854 -73.9501346 -73.9484566 40.8186432 40.8199591
3153177 14.8038429 14.8041709 50.8976198 50.8978754
3153527 6.8847667 6.8849696 46.3362505 46.3363779
3155016 14.3487355 14.3490121 48.0396012 48.0397945
3157536 18.7489543 18.7491385 42.4523415 42.4524753
3160336 -105.6632927 -105.6630022 26.9328566 26.9331231
3161087 10.0848219 10.0857376 52.9874326 52.9878157
3162487 8.617369 8.6176379 53.587917 53.5880636
3162697 9.5267062 9.5273728 46.8781089 46.8786872
3163047 9.334586 9.3352187 40.3184292 40.318933
3163766 34.8886207 34.8887975 32.0767122 32.0768596
3166076 -122.3152072 -122.3151287 47.7263568 47.7264616
3168297 14.1834015 14.1840466 48.2854625 48.2858878
3170817 6.9826334 6.98281 46.2432891 46.2434136
3175717 16.3775102 16.3779713 48.2414765 48.241772
3176716 24.152388 24.1524544 45.7992334 45.7993755
3179306 -1.4711708 -1.4709982 8.7926622 8.7927502
3182437 -86.2353401 -86.2344236 41.6912817 41.6926565
3183086 16.3529554 16.3530538 48.2126979 48.2128251
3183417 8.457589 8.4582314 47.4104411 47.4107243
3187916 73.3001497 73.3003392 40.7700567 40.7701787
3188737 156.8452365 156.8458915 -8.1056431 -8.1049118
3190487 25.7622536 25.7631256 53.931541 53.9324936
3193586 -17.3545979 -17.3545225 14.7766746 14.7767551
3199886 -71.4645263 -71.4637832 42.9949234 42.9951622
3200147 44.0056082 44.0062418 56.2395521 56.2397726
3201776 139.718482 139.7186894 35.7097106 35.7098703
3203367 16.6994024 16.7007326 51.2714752 51.2719613
3203606 16.5927451 16.593964 49.2247814 49.2251304
3203717 13.3773786 13.380397 52.5172572 52.5179807
3205747 18.4941644 18.4943714 40.14412 40.1449191
3206186 3.2633567 3.2634231 39.4129965 39.4130489
3207147 30.3051444 30.3054934 59.9751545 59.9752908
3208477 14.3142284 14.3147409 48.0768306 48.0771691
3209527 -122.3240534 -122.3237359 47.6280355 47.6281743
3212206 14.5812937 14.581525 37.1251658 37.1253361
3215827 20.9829549 20.9836626 52.2698548 52.2702691
3216476 13.0123824 13.0124478 45.7192986 45.7193398
3216826 19.0529015 19.0530448 47.4997782 47.4998352
3216877 30.7619674 30.7630158 52.4067634 52.4072123
3217017 -106.5266803 -106.5262455 39.6017399 39.602048
3218137 19.0500485 19.0504633 47.500452 47.5007418
3218576 16.5289111 16.5289812 49.2656983 49.2657774
3218767 -2.6620258 -2.6587292 42.860608 42.8623499
3219066 31.3115797 31.311746 29.8676846 29.867828
3224367 4.3862227 4.3870086 50.8198672 50.8204635
3225207 4.4069204 4.4089843 51.2138905 51.2153192
3227116 116.30818 116.3083995 39.9805955 39.9808174
3232086 -2.3273122 -2.327195 7.3337497 7.3338749
3233136 8.786375 8.7867318 45.6623327 45.6626112
3234797 4.3675864 4.3679975 50.8555188 50.8557534
3235217 5.0755814 5.0756694 43.9135473 43.9136007
3235987 106.7714024 106.7726615 10.8515017 10.8528407
3237247 37.9900887 37.9902273 57.0464611 57.0465021
3237807 3.9413211 3.941796 50.4515262 50.4518268
3243356 86.0927517 86.0930807 55.5194942 55.5197519
3243477 -122.2619241 -122.2599064 37.4532295 37.4542557
3245857 22.5108956 22.5120804 40.2607496 40.2615053
3247047 4.3216598 4.3218661 50.8639195 50.8641056
3248676 13.4234084 13.4237639 52.4888058 52.4890592
3249357 8.788231 8.7889591 45.661551 45.6621602
3250706 -122.2885849 -122.2885034 47.6332215 47.6332629
3251037 -4.5635973 -4.5629088 37.0215959 37.0225062
3255027 4.3728537 4.3738249 50.8447923 50.8453671
3255657 8.4000686 8.4007753 55.4424886 55.4427261
3263586 14.9717858 14.9719982 48.1344438 48.1345242
3265947 10.5608292 10.5618837 52.9649761 52.9661416
3267226 10.3951957 10.3953927 54.1471204 54.1472246
3271636 4.3952557 4.3953233 52.0098528 52.0099246
3271757 14.0300357 14.0307885 51.8046004 51.8050652
3272457 15.0309785 15.0313991 48.1566489 48.1569371
3275187 19.1437695 19.1445596 50.1795872 50.1804945
3283606 16.3346575 16.3347673 48.2109317 48.2110385
3285057 9.0676742 9.0688572 45.5315741 45.5329885
3286966 4.3390498 4.3390956 50.8667569 50.8667931
3287876 16.197788 16.197928 49.792691 49.792804
3287927 16.233506 16.233965 49.80273 49.803015
3289906 13.5676142 13.5678913 55.6086864 55.6088683
3291516 30.6096852 30.6099397 54.1853887 54.1855436
3293597 16.5835113 16.5839257 40.6737073 40.6739819
3294997 19.0542457 19.0549017 47.4890707 47.489514
3295137 44.076105 44.0762357 56.285057 56.2851226
3296467 30.3162975 30.3167377 59.9251439 59.9252797
3299127 16.4065685 16.4069715 48.2771782 48.2774485
3300126 2.3508142 2.3509205 48.8877253 48.8877887
3301157 -0.1015872 -0.1012377 49.2845001 49.2847104
3302417 -5.3366253 -5.3361107 55.7677911 55.7681848
3303537 4.3459957 4.3464425 50.8613386 50.8616172
3304307 9.1480319 9.1495218 45.4995432 45.5004847
3307037 14.8071546 14.8077101 48.7482247 48.748702
3307737 -76.7296778 -76.7270653 39.9772906 39.9787088
3308157 20.5175485 20.518093 54.7202578 54.7205777
3309767 47.2383683 47.2398178 56.101254 56.102365
3310257 2.4224587 2.4227158 48.8940482 48.8943303
3311097 29.0139363 29.0177694 41.0067912 41.0094229
3311256 80.9642405 80.9643478 6.804125 6.8042396
3311466 4.3449567 4.3451961 50.8593953 50.8595523
3313286 4.3377185 4.3377609 50.8569219 50.8569554
3315857 -80.6053031 -80.6044325 28.0193225 28.0200192
3316067 -3.6975668 -3.6968588 40.409449 40.4100026
3318167 19.0548525 19.0553242 47.4905768 47.4908015
3319357 13.3864067 13.3868807 52.438958 52.4392985
3319847 -123.0591107 -123.0588194 44.0556745 44.0560221
3320337 6.9696343 6.9706618 50.9148609 50.9153638
3323277 30.3516786 30.3524411 59.9314627 59.9319932
3323627 -80.6895736 -80.6890503 28.341211 28.341668
3324346 13.8859057 13.8861755 48.121158 48.1212928
3326287 10.7340804 10.7348206 45.3529931 45.3536201
3328406 11.1299358 11.1301646 48.4546747 48.4548232
3329017 19.0857809 19.0863588 47.4899109 47.490252
3329367 19.0885851 19.088978 47.4885563 47.4888581
3330436 19.0805001 19.0810642 47.489763 47.489824
3334547 15.8521663 15.8527098 48.5501162 48.5505283
3335387 16.268176 16.268464 49.746376 49.746538
3335597 19.055705 19.0561755 47.4890374 47.4892991
3336456 -4.5370923 -4.5366548 37.2761324 37.2764799
3339937 2.291018 2.291281 50.277936 50.278062
3340026 135.5116319 135.5117185 34.6645783 34.6646113
3340357 -73.9912934 -73.9907306 40.7256915 40.7260268
3342877 2.8252819 2.825731 42.0230411 42.0232935
3343017 2.7935623 2.7937729 41.9562683 41.9563869
3343227 -3.7133153 -3.7124733 40.4064887 40.4069115
3345747 31.0162813 31.0166884 -26.051929 -26.0515833
3346027 44.0014941 44.0017225 56.3217086 56.3219228
3346116 139.529721 139.5298919 35.6859863 35.6860846
3346676 14.249813 14.2500893 40.8386432 40.8388765
3347707 11.5358499 11.5370894 48.1446062 48.14587
3347917 135.5260711 135.5263146 34.7105652 34.7108274
0 0 0 0 0
3349807 -73.9979238 -73.9974472 40.6053412 40.6056839
3349826 -74.0007935 -74.0006744 40.5983721 40.5984623
3349877 19.050932 19.051225 47.4929122 47.493134
3349966 -73.9895039 -73.9893662 40.6161018 40.6162044
3350717 15.1673792 15.1676779 37.6117766 37.6119949
3351296 -73.9816387 -73.981315 40.6260158 40.6262071
3353657 20.8283453 20.8285013 39.7079463 39.7080748
3353676 20.8278934 20.8279994 39.7085624 39.708644
3356107 -73.999579 -73.998905 40.6388211 40.6393056
3356737 1.1640136 1.1643731 41.0594094 41.0594887
3357297 -73.9804942 -73.9802291 40.7274985 40.7277453
3357437 -74.0025578 -74.002266 40.7321197 40.7324002
3357526 16.2930878 16.2935323 48.2313503 48.2316327
3357927 -73.9601038 -73.9597336 40.5985357 40.5988288
3358086 23.2860133 23.2863633 45.0382954 45.0386187
3358767 2.7977831 2.7979689 41.9565263 41.9567442
3358856 -76.6957158 -76.6954059 39.9827547 39.9831492
3358977 -73.9402277 -73.9398341 40.6247138 40.6249638
3359976 50.8772945 50.877986 34.64124 34.6418315
3360606 -73.9452391 -73.9451329 40.6343709 40.6344423
3361147 6.9955972 6.995724 46.2955471 46.2956515
3361796 5.002481 5.002618 47.319497 47.319582
3362337 -73.9207643 -73.9203909 40.6649551 40.6652441
3362706 -73.9315702 -73.9314581 40.6675598 40.6676673
3363527 2.7948692 2.7950378 41.9542709 41.9544332
3363807 -73.9463183 -73.946206 40.673739 40.6740143
3364507 2.7939369 2.7940995 41.951493 41.9515939
3365506 -48.878458 -48.878406 -23.9843609 -23.9843408
3366957 -49.7628424 -49.7624434 -23.1940977 -23.1933189
3367027 2.843454 2.843641 41.9544849 41.9546283
3367797 2.8408315 2.8412601 41.9395476 41.9398803
3369216 -0.5410115 -0.5407209 53.2344878 53.2346759
3371787 -76.6223197 -76.6218898 39.3525488 39.3530651
3375007 37.5932752 37.5944362 55.7128812 55.7130307
3381657 11.4089457 11.4092036 48.0862079 48.086427
3382217 25.3739579 25.3742011 50.7682767 50.7683508
3382726 139.749088 139.7492212 35.711412 35.711454
3382847 -70.8338834 -70.833025 -34.2518433 -34.251296
3387257 6.8346478 6.83578 50.9242168 50.9249063
3389026 16.4343324 16.43459 49.732267 49.7324171
3389357 21.6029434 21.6039446 57.3921241 57.392556
3389376 -122.05147 -122.051406 37.3572277 37.3572735
3392577 10.5348585 10.5362954 45.4689922 45.4699346
3394416 -5.6623746 -5.6622863 40.9777648 40.9778402
3395167 15.5582393 15.5589811 41.2048078 41.2053845
3397286 139.8940333 139.8942163 35.6494335 35.6495813
3397496 139.905471 139.9055092 35.6437499 35.6437806
3397617 43.9878268 43.9888764 56.2439749 56.2443336
3401887 8.8987603 8.8989254 45.6256863 45.6258386
3401957 8.9003342 8.9004886 45.6272486 45.6274945
3402027 8.902642 8.9029523 45.6349218 45.6351068
3402097 8.9048521 8.9049264 45.6308053 45.6308555
3402167 8.9147537 8.9148674 45.6251637 45.6252885
3402237 8.9014359 8.9015944 45.6358279 45.6359367
3402307 8.9160257 8.9164955 45.6311099 45.6319311
3403586 14.0569827 14.057137 47.996697 47.9967962
3405457 4.366827 4.3674785 52.0365571 52.0369632
3407067 47.3636005 47.3645028 56.1145775 56.1152275
3409517 2.770502 2.770694 42.1080247 42.1081698
3410357 -3.0621409 -3.0619003 41.5876033 41.5877067
3412387 37.6072145 37.6080928 55.709342 55.7095628
3412667 4.3565685 4.3566417 50.8791226 50.8791692
3412877 135.5257866 135.5262316 34.7189632 34.7191483
3413297 1.9469503 1.9479156 48.8394089 48.840179
3414226 16.5428285 16.5430721 49.5251502 49.5252156
3414786 4.4711833 4.4712601 52.0663696 52.0664303
3415047 4.9021455 4.9031907 45.7377064 45.7387001
3415136 40.575852 40.5766361 64.5306801 64.5310233
3415556 26.109777 26.1101058 35.2033059 35.20357
3417077 -93.3729031 -93.3657953 45.199278 45.2031898
3419107 4.4645254 4.4659986 51.9277605 51.9287329
3425846 3.4698595 3.4703977 36.7594111 36.7596455
3427787 37.6112353 37.6119966 55.750898 55.751943
3428417 11.3564638 11.35744 45.7138756 45.7143955
3430237 19.0520328 19.0527969 47.4932415 47.4938288
3431567 7.5871967 7.5888401 51.9336714 51.9346204
3442837 132.8896151 132.8897594 34.4694297 34.4695264
3444797 6.7737938 6.7741153 50.9595813 50.9598137
3447686 116.3748982 116.3750657 39.9122038 39.9123309
3457187 -122.0903216 -122.0897148 37.3959414 37.396418
3459796 19.0787108 19.0789025 47.5064681 47.5065784
3460076 135.5161242 135.5161712 34.6490783 34.6491434
3469087 15.5761087 15.5771648 48.3908713 48.3915748
3469806 5.3892168 5.3896231 52.1415341 52.1417802
3473166 9.9659091 9.9661138 53.8047697 53.8049265
3473217 -5.0824537 -5.0819159 37.5421397 37.5426227
3474706 4.3102454 4.3103009 50.8358492 50.8359141
3475387 35.0527824 35.0533207 48.4623962 48.46265
3475616 9.1108937 9.1110966 55.4463038 55.4464118
3475826 -122.4307652 -122.4306908 37.7974779 37.7975227
3476087 19.0656977 19.0662554 47.5000667 47.5004141
3478957 6.2331651 6.233393 51.4972124 51.49738
3479816 -122.4106566 -122.4106104 37.7935469 37.7935765
3481216 5.0892369 5.0893629 44.6418183 44.6419433
3481897 47.3126774 47.3132254 56.1289526 56.1296258
3483717 19.0603139 19.0607189 47.4976964 47.49795
3483857 9.2742445 9.2746266 45.5834169 45.5836183
3486657 15.2162074 15.2167868 48.4257645 48.426185
3487007 -110.9193538 -110.9156543 32.222691 32.2253304
3488967 37.5309816 37.5327645 55.8011614 55.8023408
3489196 9.2752857 9.2755594 45.5811982 45.5813621
3491856 4.368244 4.3683373 50.8409908 50.8410542
3495267 19.0768283 19.0773808 47.4979112 47.4981688
3496056 4.348594 4.3488943 50.8378368 50.8380134
3497787 134.5816974 134.5819215 34.8156962 34.8158126
3498137 2.3747474 2.3758269 47.7672513 47.7680585
3498226 12.4340013 12.4340978 41.8993555 41.8994254
3498506 12.4355772 12.4356737 41.8991671 41.8992483
3499136 1.7678786 1.7686912 41.2593676 41.2598029
3500027 46.8662142 46.8672293 54.0869171 54.0874393
3500447 8.7905389 8.7914308 49.8660877 49.8670258
3502407 19.075687 19.0761379 47.4877547 47.4880984
3502636 4.4597461 4.4599118 50.8226961 50.8227951
3502897 7.5732697 7.5753668 44.9760004 44.9775396
3502986 4.3511509 4.3512977 50.8394438 50.8395196
3505086 2.351268 2.3517025 48.8593049 48.8596586
3508287 -105.2666843 -105.2662193 40.0022374 40.0027108
3508567 5.148651 5.1501764 52.0799517 52.0809195
3509286 6.3088724 6.3107807 51.9550997 51.9563036
3509986 6.2886948 6.2890978 51.9663329 51.9666914
3510247 -122.40611 -122.4058818 37.7961777 37.7965638
3511297 -73.2124673 -73.2122068 44.4773209 44.4773974
3515567 5.4038419 5.4041439 52.1746537 52.1748355
3517387 145.6679513 145.6682672 -16.7416048 -16.7412445
3517756 19.0534057 19.0535826 47.5041898 47.5042976
3517947 112.1361117 112.1362311 -7.998508 -7.99835
3518717 -1.3876756 -1.3869728 53.9281153 53.9286491
3519487 14.6606914 14.6631661 41.5573343 41.5592418
3519697 -122.4360454 -122.435652 37.7918414 37.7920637
3521116 16.2230813 16.2232981 49.5863398 49.5864434
3521396 27.563033 27.5635185 53.9239753 53.9244573
3522567 -1.3891579 -1.3888903 50.8964686 50.8968295
3523706 138.5731475 138.5740165 -35.026624 -35.0263121
3523757 5.124042 5.1248249 52.0825136 52.0831862
3524247 119.124951 119.1282654 36.7062548 36.7080061
3528186 -122.4343669 -122.4343334 37.7927263 37.7927598
3529656 -122.4558302 -122.4557928 37.7770787 37.777106
3530996 20.8091099 20.8092281 13.8231838 13.8232556
3537337 11.2045535 11.2051816 43.8319047 43.8325532
3537916 121.0416363 121.0417174 14.6069798 14.6070549
3539647 12.4760699 12.4767654 41.8307445 41.8316133
3540646 98.9658763 98.966104 18.7952086 18.7953208
3543987 -3.2191482 -3.2181549 39.3887669 39.3896803
3545826 -74.432167 -74.4318681 40.7876378 40.7879278
3546647 30.3493082 30.3496524 59.9241779 59.9243546
3547907 136.1038688 136.1045191 -34.3725189 -34.3719453
3548397 77.6567995 77.657442 12.8484911 12.8488222
3548887 4.6473189 4.6477878 52.0475095 52.0479884
3550637 7.0813221 7.0817349 46.4673985 46.4676788
3553227 -2.9400476 -2.9392514 36.8535447 36.8541812
3554277 -0.114048 -0.1138156 38.6702453 38.6703836
3556657 14.5409219 14.5420142 46.0476491 46.0478908
3564217 14.4386043 14.4394343 45.33221 45.3326941
3565006 6.4167186 6.4168707 52.5207072 52.5207897
3565636 5.1110722 5.1111915 52.0952606 52.0953335
3567367 11.9451041 11.946811 44.1704492 44.1714229
3567386 5.3670929 5.3672783 52.2489067 52.249015
3568576 28.4919531 28.4921715 54.2181386 54.2183191
3569747 4.6553123 4.6574164 52.3666914 52.367562
3573317 135.7653898 135.7664254 34.9135923 34.9142316
3574717 10.4281664 10.431111 55.4089429 55.4098618
3576257 15.1475849 15.1482249 49.4022306 49.4025596
3577237 38.2609099 38.2614162 56.422625 56.4228903
3578637 31.6283387 31.6286378 4.7975209 4.7977948
3579407 10.7577048 10.7581761 42.9204405 42.9208515
3581106 4.8861725 4.8862471 52.3691984 52.3692315
3583117 4.3140159 4.3144094 52.0835181 52.0836818
3583187 -73.9486961 -73.948351 40.7784392 40.7786682
3583327 8.2057223 8.2064195 50.0932416 50.0937025
3586687 -111.8930469 -111.8924153 33.6170503 33.617725
3587177 14.8812657 14.8817109 48.6700694 48.6703734
3589487 -84.3943948 -84.3926103 33.8747072 33.8759445
3590467 -72.2349682 -72.2345934 7.7658482 7.766074
3590486 5.8684537 5.8685421 51.5521584 51.5522113
3593566 5.3294421 5.3295443 51.6782582 51.6783758
3594196 13.8438123 13.8438865 47.9406336 47.9407035
3596156 5.8828591 5.8832543 51.5246071 51.5246586
3597747 11.9646086 11.9649882 55.169485 55.1697005
3597766 4.7054584 4.7055399 52.0346486 52.0346975
3597976 5.3008334 5.3009452 51.6873729 51.6874138
3599917 -84.6510647 -84.6502738 39.6323287 39.6327958
3600897 6.5728933 6.5738113 53.1877619 53.1882534
3603156 4.650936 4.6518898 51.8212777 51.8218574
3604047 4.1880433 4.1889352 52.030445 52.0309714
3604187 -122.4667539 -122.4665688 37.7497731 37.7498487
3606147 11.5661804 11.5675544 48.1391341 48.1402545
3609036 13.8689168 13.8690885 47.9603641 47.960506
3609106 -84.3997968 -84.3994509 33.7902806 33.7905976
3611187 -0.7652126 -0.7649868 38.347173 38.3473266
3614197 6.5597289 6.5601932 53.2171718 53.2172929
3614827 14.2485996 14.2488893 40.84327 40.8435703
3615056 -0.4928376 -0.4927896 38.3449779 38.3450084
3615686 12.5297619 12.5306096 41.8872841 41.8877787
3616227 15.405304 15.4057107 48.3615084 48.3617968
3618696 -122.4258525 -122.4258344 37.7422831 37.7423101
3618887 19.8284925 19.8310575 45.265164 45.2659
3619396 6.605089 6.6055735 51.9709017 51.9709873
3619447 -122.4279226 -122.4278088 37.7469738 37.747172
3621337 -73.9737503 -73.9732903 40.7966945 40.7970274
3621407 -73.971141 -73.9706593 40.7963728 40.7967499
3621426 6.0936147 6.0936174 52.5115518 52.511554
3621687 11.8467694 11.8474429 57.8096507 57.8101183
3623507 -73.9492463 -73.9479039 40.7933837 40.7941104
3623577 4.5926813 4.5928234 52.3205381 52.3206175
3624086 6.127499 6.1277254 51.9174698 51.9181914
3625887 -73.9517242 -73.9515067 40.8071161 40.8073534
3627427 -73.9488715 -73.9482992 40.8091942 40.8096176
3629387 -73.9457161 -73.9450485 40.8285375 40.8291528
3634166 4.6013652 4.6015167 52.4523821 52.4525049
3635006 11.6276712 11.6278 52.1186752 52.1188274
3635216 -0.490217 -0.4901606 38.3587603 38.3588052
3635967 -122.4406171 -122.4403487 37.7994092 37.7998153
3636247 -1.8601485 -1.8593303 53.7229305 53.7234197
3637997 10.2575926 10.2578259 45.527517 45.5276877
3638366 -0.4852149 -0.4851871 38.3548307 38.3548592
3638557 4.6148143 4.6156387 52.3516931 52.3521709
3638697 -79.9489797 -79.9487988 40.4444896 40.4446882
3640097 2.8158547 2.8160105 42.0170162 42.0171076
3640377 16.5925378 16.5928812 38.9047341 38.9049938
3640956 11.0879962 11.0881182 52.2413957 52.241478
3641236 -67.8628927 -67.8626829 45.6607523 45.6609273
3642897 6.9262227 6.9277098 52.7783347 52.7799818
3643247 -0.4779133 -0.4777671 38.3524821 38.3527107
3644157 4.6724434 4.6734054 51.8119569 51.812404
3644787 9.3978699 9.3982079 41.0736165 41.0739263
3644806 9.5274709 9.5275769 41.1388087 41.1388947
3646187 -0.482388 -0.4821685 38.3545781 38.3547422
3650737 2.7898037 2.7901261 41.9750182 41.9753033
3650826 4.512201 4.5123698 51.8701609 51.8702594
