1000
5767 13.7398334 13.741235 51.0523423 51.0532229
5786 13.7371957 13.7375362 51.0487779 51.0489591
6066 24.9524119 24.9527577 60.1720899 60.1722463
12767 8.9897244 8.9920898 48.6797103 48.6810064
21956 27.4414033 27.4415883 53.9137695 53.9139195
22077 27.564085 27.5715761 53.8567161 53.857559
22987 9.1813482 9.1825602 48.7756522 48.7766742
28797 13.3890342 13.3906579 52.5162306 52.5168246
32717 16.3695077 16.3704772 48.1950823 48.195517
33716 9.7241926 9.7246051 52.3529655 52.3533081
51846 18.0391966 18.0405823 59.3323174 59.3332891
61277 11.9135419 11.9146725 57.7087101 57.7095625
61506 18.0273346 18.0282477 59.3369469 59.3373908
67927 11.5961074 11.5966595 48.148961 48.1492816
68627 11.4614895 11.4621541 48.147277 48.1475727
71847 11.5214606 11.5232872 48.1376924 48.1388716
72127 27.7023409 27.7032168 53.8437968 53.8442448
75207 -3.2368525 -3.2355767 55.971251 55.97176
77396 14.4022774 14.4023611 50.0887417 50.0888498
85586 7.5318848 7.5322091 51.5111945 51.5114142
86057 14.4014062 14.4024271 50.0873587 50.0876886
86197 14.3985427 14.3990477 50.0879024 50.0881868
90747 37.9682027 37.9691399 55.8244853 55.8249739
93057 14.4033804 14.4039508 50.0900501 50.0904499
96767 37.3858499 37.388418 55.7967238 55.7981857
103067 10.9940555 10.994733 49.5792241 49.5796289
103207 -43.9470377 -43.9466083 -19.9031345 -19.902711
104696 9.9863205 9.9870408 53.5145717 53.5157339
112816 9.8721159 9.872402 50.1106821 50.1110302
124277 13.6789019 13.6801148 51.167212 51.16787
127987 14.421509 14.422531 50.0877615 50.0884158
139327 11.0115862 11.0131332 49.3318273 49.3327913
140447 10.0148665 10.0160013 53.523384 53.524155
141847 120.9845745 120.9852034 14.5359715 14.5373009
144857 18.0935532 18.0953888 59.3369883 59.3383895
154326 10.9126029 10.912868 49.898612 49.8988276
156127 2.1908406 2.1921858 41.3898957 41.3910161
157546 15.4483133 15.4487312 47.0782885 47.0785417
158507 -79.3175981 -79.3155613 43.7541542 43.7550004
160817 9.2049536 9.2064482 50.0083571 50.0091428
165157 18.0747929 18.0775487 59.3119872 59.3126142
165596 8.5213946 8.5219834 47.377312 47.377653
166716 30.5803868 30.5806014 50.4924565 50.4925821
167066 18.0659548 18.0663116 59.3205198 59.3206665
176847 18.059766 18.0621005 59.3354443 59.3361512
195677 18.0572873 18.0599781 59.3346559 59.3355896
207386 38.7901488 38.7902792 8.9810346 8.9811483
215907 7.745912 7.7462556 48.5843574 48.5847511
216537 7.7513264 7.7518092 48.5846205 48.5848886
222417 7.7547619 7.7550423 48.582381 48.5825991
223957 7.7470219 7.7474496 48.5807652 48.5810409
225026 37.5938988 37.5943277 55.7518474 55.7520371
226827 25.2852619 25.2859451 54.680207 54.6805961
227387 7.7561435 7.7565151 48.5884639 48.5886625
227756 7.7433309 7.7435156 48.5862852 48.5864771
229697 7.7419746 7.7423528 48.5784036 48.5786481
229837 18.0673386 18.0687983 59.3257568 59.3263349
255126 0.3428464 0.3429423 46.5885191 46.5885991
279607 18.0601022 18.0616141 59.3362147 59.337318
288707 -4.5063825 -4.5057839 48.4353756 48.4357012
288847 -4.4794517 -4.4790077 48.3942711 48.3945125
289267 -4.4736875 -4.4718975 48.4187509 48.4197656
289496 -4.5627436 -4.5622368 48.3582206 48.3585029
294727 0.3547842 0.3566501 46.5652288 46.5660677
300416 11.5932724 11.594052 48.1164607 48.1178301
313347 104.2804591 104.2837433 52.2753604 52.2772368
319787 -79.0418068 -79.0374932 35.9646668 35.9669224
330777 86.2055544 86.2113909 22.7818786 22.7842764
335537 15.4491096 15.4501242 47.0783231 47.0790511
338776 50.1425669 50.1427344 53.179142 53.1792522
356976 12.5674611 12.567688 55.6832926 55.6834199
357517 13.1825921 13.1836317 55.7041504 55.7048704
358936 37.6369304 37.6372704 55.7727162 55.7728215
371466 115.8152457 115.8154075 -31.9261224 -31.9259662
377817 -78.6235502 -78.6231454 35.8743897 35.874812
379516 -78.5921729 -78.591857 35.7992892 35.7996148
391276 -5.6658902 -5.6657209 40.9628428 40.96296
392536 -5.6515443 -5.6510218 40.9760472 40.9762955
406587 -1.4527296 -1.4514019 51.2752487 51.2763595
423037 -40.3033729 -40.3027774 -20.2814281 -20.2808668
447136 6.969265 6.9697881 50.9388915 50.9394358
447537 5.4165108 5.417514 36.1823187 36.1844706
447887 6.6301493 6.6304242 46.5246761 46.5248711
448377 6.6349369 6.6350061 46.5200822 46.5201696
448587 6.6352922 6.6355616 46.5193069 46.5195365
452437 7.4380802 7.4388633 50.0705549 50.0713827
452857 6.626031 6.6263201 46.5227647 46.5229723
454957 6.6303554 6.6308066 46.5228386 46.5230937
455027 6.6308878 6.6311202 46.5219972 46.5221368
530837 6.6286329 6.6288924 46.5229937 46.5232895
531327 6.6320357 6.6323548 46.5216638 46.5218888
531397 6.6325295 6.6327878 46.5221018 46.5222884
531817 6.6342038 6.6344398 46.5212451 46.5213194
532797 10.8971324 10.8981682 48.3681588 48.3685694
533007 6.6351847 6.6356525 46.523865 46.5243599
533077 6.6353393 6.6357072 46.5180538 46.5182253
533726 -84.5132581 -84.5130328 39.2962774 39.2965721
533847 6.6167858 6.6170374 46.5211582 46.5212917
534197 6.6327453 6.6329966 46.5199003 46.5201047
534337 6.6300152 6.6302518 46.5156678 46.5158334
537347 7.5420731 7.5428617 47.2107856 47.2113358
537436 6.0258559 6.0259923 47.2366402 47.2367381
537907 16.4214027 16.4227946 48.2274299 48.2281345
547497 2.3318197 2.3325867 48.868817 48.8692161
548407 -80.4070717 -80.4069485 37.2319876 37.2320793
549616 2.3430754 2.3431199 48.8705924 48.8706265
555407 7.5746788 7.5751461 47.2552542 47.2554996
555687 25.2754169 25.2780945 54.68481 54.6860616
557456 -95.3878952 -95.3876592 29.7272319 29.7274508
568796 52.4224737 52.4232442 55.7677293 55.7681622
576267 -0.9621626 -0.960167 52.4954653 52.4965049
610707 -117.0890301 -117.0879573 33.5173077 33.5183676
610936 1.1371252 1.1372521 51.8368956 51.8369928
721587 60.7357062 60.7373126 56.7836159 56.7844732
907507 -0.1978379 -0.1973176 51.5224996 51.5227583
907736 18.0315204 18.0315651 48.244217 48.2442481
908417 -5.6732524 -5.6730828 40.9709898 40.9711217
908697 18.0843964 18.084728 48.4184519 48.418782
908767 -5.6738853 -5.6736123 40.9706232 40.9708245
909117 -5.6729176 -5.672748 40.9713691 40.9715014
909136 12.4822761 12.4823332 41.8510529 41.8510908
912547 -5.6724746 -5.6722619 40.9686054 40.9687768
917097 -5.6712967 -5.6710912 40.9685082 40.9686934
920667 -5.6721503 -5.6718194 40.9697454 40.9699924
939987 -5.6734783 -5.6733624 40.9682258 40.9683125
944836 21.9309357 21.93097 48.750347 48.7503739
945606 0.5107979 0.5109603 51.2811518 51.2812744
945797 17.131691 17.1325093 48.1636678 48.1642898
951257 7.1226097 7.1237826 51.4170056 51.4175492
951957 -70.9517381 -70.9509553 42.1750867 42.1757333
952186 -2.9496148 -2.9486885 55.9474635 55.9477984
955457 9.1404205 9.1411975 45.5310006 45.5313466
957627 30.3084095 30.3095377 59.9291444 59.9296752
959676 1.4339116 1.4339936 43.6045165 43.6045761
966027 12.882163 12.882576 50.2227735 50.222958
973307 -4.7316504 -4.7308689 41.6487106 41.6492488
1004336 5.1400205 5.140086 48.1131092 48.1131363
1004597 2.8233879 2.8237123 41.9779243 41.9780704
1004667 2.8229731 2.8232554 42.0048508 42.005007
1004737 2.8073018 2.8075517 41.9962646 41.9964467
1004807 2.8429655 2.843128 41.970328 41.9704577
1004877 2.8040812 2.8042511 41.9741821 41.974428
1004947 2.8313534 2.8314908 41.9844149 41.9845115
1005017 2.8278254 2.8279928 41.9746757 41.9747979
1005087 2.8362379 2.8364125 41.9944023 41.9945277
1005157 2.8219914 2.8221384 41.9723065 41.9724596
1005227 2.8442622 2.8444069 41.9707177 41.9710433
1005297 2.8051608 2.8055575 41.9967427 41.9968906
1005367 2.8096476 2.8099063 41.9671493 41.9672536
1005437 2.8253786 2.8259064 42.0117015 42.011816
1005507 2.802337 2.8025023 41.9922467 41.9923207
1005577 2.821439 2.8217675 41.97599 41.9761998
1005647 2.8114446 2.8115776 41.9939629 41.9940499
1005717 2.8427965 2.8428556 41.9708238 41.9709191
1005787 2.8097215 2.809847 41.968677 41.9688244
1005857 2.810392 2.8105642 41.9678275 41.9679367
1005927 2.8215995 2.8221944 41.978631 41.9790385
1005997 2.8247009 2.8256387 41.9825021 41.9832225
1006067 2.821631 2.8217879 41.9770554 41.9772077
1006137 2.8191058 2.8193455 41.9770097 41.9772539
1006207 2.8053667 2.8057187 41.9758607 41.9759818
1006277 2.8225732 2.8227008 41.983584 41.9836477
1006347 2.8257413 2.825889 41.9685444 41.9686584
1006417 2.7978978 2.7983507 41.9943743 41.9945947
1006487 2.8214832 2.8218463 41.9664857 41.9670216
1006557 2.817433 2.8176373 41.9694811 41.9696498
1006627 2.8362129 2.8363523 41.9951857 41.9953037
1006697 2.8349343 2.8350847 41.9975351 41.9976722
1006767 2.8340261 2.8341035 41.9757946 41.9758432
1006837 2.8116127 2.8117887 41.9741173 41.9742721
1006907 2.7971133 2.7974961 41.9925244 41.9928362
1006977 2.8029591 2.8033914 41.9752496 41.9755399
1007047 2.8295425 2.8296931 41.9910982 41.991182
1007117 2.8069351 2.8074222 41.9507646 41.9509502
1007187 2.8125689 2.812681 41.9750367 41.9751308
1007257 2.8308099 2.8310242 41.9961854 41.9962577
1007327 2.8404358 2.8406447 41.970805 41.9708847
1007397 2.8231712 2.8233174 41.9836627 41.9837242
1007467 2.8073317 2.807442 41.9511298 41.9511916
1007537 2.808823 2.8092472 41.9954348 41.9957411
1007607 2.8373973 2.8377207 41.9961054 41.9963767
1007677 2.8444048 2.844629 41.9712254 41.971379
1007747 2.827704 2.8277628 41.9890004 41.9890489
1007817 2.8122088 2.8130637 41.9671636 41.9674516
1007887 2.8315059 2.8316768 41.9852693 41.9853861
1007957 2.8097254 2.8098618 41.9933617 41.9934678
1008027 2.8021992 2.802516 41.9763747 41.9766228
1008097 2.8205365 2.8209282 41.9797589 41.9800995
1008167 2.805091 2.8052748 41.9932001 41.9933082
1008237 2.825398 2.8255422 41.9760819 41.9762152
1008307 2.8429465 2.8430664 41.9713055 41.9714162
1008377 2.8105222 2.8107259 41.9739467 41.9740756
1008447 2.8430688 2.8432099 41.9703842 41.9705016
1008517 2.8473822 2.847476 41.9734502 41.9735474
1008587 2.8161005 2.8162205 41.9571414 41.9572732
1008657 2.8206051 2.8211006 41.9848115 41.9854615
1008727 2.8226416 2.8227323 41.9718153 41.9719588
1008797 2.8305019 2.8306734 41.9979064 41.9979554
1008867 2.8435221 2.8435734 41.9707676 41.9708105
1008937 2.8133163 2.8135087 41.9624111 41.9625428
1009007 2.8258052 2.825932 41.9862563 41.9863126
1009077 2.8435904 2.8437096 41.9733812 41.973512
1009147 2.8213793 2.8215279 41.968522 41.9685839
1009217 2.813336 2.8134906 41.9727162 41.9728111
1009287 2.801004 2.8010678 41.9961721 41.9962199
1009357 2.8264506 2.8266047 42.012688 42.012794
1009427 2.8165244 2.8168527 41.9720888 41.9722925
1009497 2.8245058 2.8246452 41.98637 41.9864669
1009567 2.8237765 2.8240445 41.967739 41.9679397
1009637 2.7900204 2.790167 41.9882647 41.9884169
1009707 2.8072913 2.8074176 41.994468 41.9945988
1009777 2.8103441 2.8104807 41.9940385 41.9941367
1009847 2.8204409 2.8206623 41.9764805 41.976671
1009917 2.8023273 2.8024678 41.9978316 41.9979313
1009987 2.8011493 2.8013859 41.9957665 41.996012
1010057 2.8192931 2.8198653 41.9911825 41.9913671
1010127 2.8223833 2.8229208 41.9814462 41.9815437
1010197 2.8065489 2.8069231 41.9501029 41.9503609
1010267 2.8251423 2.8254285 41.9761825 41.9763881
1010337 2.8249666 2.8252369 41.982528 41.9826871
1010407 2.8311397 2.8312777 41.98553 41.9856469
1010547 2.8016768 2.802021 41.9761584 41.9763026
1010617 2.8249293 2.825248 41.9844831 41.9846327
1010687 2.8051514 2.8053559 41.9978726 41.9980269
1010757 2.8223517 2.8225776 41.9797951 41.9799802
1010827 2.8302404 2.83036 41.9859179 41.9860059
1010897 2.8026277 2.8027775 41.9963158 41.9964104
1010967 2.8401941 2.8403937 41.9727013 41.9728614
1011037 2.8031998 2.803511 41.9743681 41.9745499
1011107 2.8105491 2.8106337 41.9756576 41.9757079
1011177 2.8006794 2.8007667 41.9765062 41.9767134
1011317 2.8205058 2.820648 41.9658353 41.9659069
1011387 2.837394 2.8375354 41.9975341 41.9976443
1011457 2.8451509 2.8453423 41.9708066 41.9709025
1011527 2.8045533 2.8047554 41.9755178 41.9758593
1011597 2.8074102 2.8076612 41.9958054 41.9958948
1011667 2.8147088 2.8148822 41.9685337 41.9687188
1011737 2.8228164 2.823137 41.9838746 41.9840282
1011807 2.8236573 2.8238417 41.9591965 41.9592595
1011877 2.813672 2.8139922 41.9736855 41.9738791
1011947 2.8198091 2.8199953 41.9814562 41.9816706
1012017 2.8070863 2.8074017 41.9966957 41.9969258
1012087 2.8428205 2.8429933 41.9725288 41.9726743
1012157 2.8351627 2.8353464 41.997632 41.9977952
1012227 2.834426 2.8346385 41.989627 41.9897186
1012297 2.8286407 2.8287942 41.9662077 41.9662864
1012367 2.8358674 2.8360564 41.9941274 41.9942894
1012437 2.8137713 2.8138692 41.9845743 41.9846022
1012507 2.8191162 2.8193181 41.978494 41.9786867
1012577 2.8014542 2.8016314 41.9953737 41.9955248
1012647 2.8222098 2.8224701 41.9741063 41.9742357
1012717 2.8004823 2.8008112 41.977427 41.9776114
1012787 2.8270839 2.8272792 41.9840401 41.9841323
1012857 2.8066521 2.806929 41.9942096 41.9944326
1012927 2.8117769 2.8121457 41.9820976 41.9824082
1012997 2.8146515 2.8148612 41.9690783 41.9693631
1013067 2.8094756 2.8096103 41.9941664 41.9942441
1013137 2.8360753 2.8361715 41.9978019 41.9979202
1013207 2.8131327 2.8134365 41.9777705 41.9780596
1013277 2.8140966 2.8145202 41.9794511 41.9797453
1013347 2.8076817 2.8079559 41.9958462 41.9959849
1015466 -3.3391344 -3.3386701 56.5923739 56.5925715
1016357 4.7971337 4.7977437 45.7846203 45.7850475
1016707 -1.2369481 -1.2364939 43.1661616 43.1664135
1016936 9.0565771 9.0566688 45.7872312 45.7873551
1020207 2.8108652 2.8110414 41.975897 41.9760315
1020277 4.9144142 4.9151897 48.0263851 48.0273851
1020506 3.5604878 3.5605605 45.6299752 45.6300365
1021327 19.551586 19.5527379 49.3298408 49.3312335
1024436 -77.0409528 -77.039652 38.8974943 38.8981997
1043256 -77.0496995 -77.0491795 38.9040307 38.9049154
1043517 30.3111094 30.3120171 59.9268358 59.9272608
1043536 -77.0561822 -77.0555649 38.9099395 38.9101782
1067877 30.3056766 30.3065765 59.9288799 59.9293094
1076347 -79.62133 -79.6205775 43.5784271 43.5789396
1078727 12.2467186 12.248159 44.1438209 44.1451756
1083016 30.3039227 30.3044839 59.9277376 59.9282066
1101407 30.3026566 30.303642 59.9313855 59.9318687
1103437 -5.6722643 -5.6720389 40.9669901 40.9671546
1105677 1.0807177 1.0812117 49.4419765 49.4423064
1106237 11.678758 11.6788157 42.8786145 42.8786606
1108706 -2.9103035 -2.9101469 54.2167881 54.2168891
1109406 2.2674877 2.2675431 48.9064214 48.9064635
1109737 0.1460829 0.1472539 43.0653599 43.0658298
1110087 1.4447551 1.4453286 44.4453206 44.4457597
1110227 1.4436136 1.4445201 44.4459776 44.4465146
1111837 1.4402714 1.4410557 44.4512511 44.4519097
1111926 0.1041276 0.1044765 49.498213 49.4984293
1112467 16.3554345 16.3565116 48.1729386 48.1736677
1112486 16.3557738 16.356467 48.1719905 48.1725734
1115967 -77.0313103 -77.0302428 38.9730151 38.9742316
1121847 -5.6518163 -5.6516129 40.9739533 40.9740733
1122337 13.5381106 13.5389212 38.0970726 38.0974776
1122547 13.5033817 13.5036098 38.1034832 38.1036301
1122757 13.5079842 13.5089807 38.0867972 38.0871384
1122897 13.5059832 13.5065387 38.0844578 38.0854134
1124087 -81.4690204 -81.4688623 28.4721163 28.4722742
1124157 13.5115221 13.5119954 38.0671698 38.0674314
1125697 8.6796584 8.6810776 50.1099891 50.1106059
1128497 2.2357084 2.2360961 48.840177 48.8403286
1130966 0.4156127 0.4159127 47.6965357 47.6967401
1135497 -5.6757977 -5.6756776 40.9740089 40.9741241
1147817 12.3244953 12.3247942 45.4986994 45.4988881
1153697 -4.7221384 -4.7205901 41.6537616 41.6545263
1153837 -5.6695924 -5.6693923 40.9715394 40.9716867
1156287 -5.6681932 -5.668014 40.9713822 40.9715433
1157337 -5.6670562 -5.6668052 40.9708468 40.9709969
1157897 -5.6676129 -5.6672047 40.9691767 40.9694765
1159017 -4.7221878 -4.720642 41.6484208 41.6495746
1161397 -5.668708 -5.6681675 40.9702737 40.9704116
1165247 -5.666646 -5.6663669 40.9720076 40.9721913
1165597 -5.6660325 -5.6657875 40.9716075 40.9717509
1168677 -5.6705727 -5.6702566 40.9725994 40.9728304
1168817 3.1547248 3.1559102 50.6521365 50.6534468
1170147 -5.67289 -5.6726247 40.9716616 40.9718498
1170236 -78.8689327 -78.8663261 43.8697978 43.8712408
1170357 -5.6682592 -5.6680939 40.9737249 40.9738436
1170777 10.6135406 10.6146883 48.0456815 48.0461982
1171827 -5.659348 -5.6591331 40.969653 40.9698441
1172107 -5.6633425 -5.6630677 40.9707383 40.9709789
1174837 -5.66527 -5.6650097 40.9740423 40.9742411
1179667 -5.6644508 -5.6640735 40.9735512 40.973822
1183587 -5.6649959 -5.6648773 40.9639371 40.9640192
1185916 -0.0680357 -0.0678299 51.5734754 51.5736472
1186177 -5.6676384 -5.6674246 40.9760908 40.9761719
1186247 -5.6679264 -5.6675629 40.9742918 40.9745417
1187717 -5.6651093 -5.6649087 40.9753429 40.9755022
1188436 -0.2021869 -0.2019158 51.5250993 51.5252709
1188627 -5.6598349 -5.6596521 40.9729806 40.9731182
1189047 9.2473328 9.2486662 49.0570105 49.0581519
1190867 -5.6613127 -5.6609453 40.9603981 40.9607335
1191446 -5.6556366 -5.6555317 40.9697331 40.9698115
1192407 -5.6663403 -5.6659241 40.9672973 40.9675915
1193037 -5.6601595 -5.6599022 40.9722492 40.9725093
1198077 -5.6609549 -5.6603642 40.9678084 40.968258
1198096 -5.6624678 -5.662392 40.9664965 40.9665508
1198236 -79.5265175 -79.52613 43.6654021 43.6657173
1200457 -5.6586831 -5.658318 40.9653779 40.9656289
1200476 -5.6590944 -5.6590344 40.9634531 40.9635
1201717 -5.6676384 -5.6674274 40.9523749 40.9525314
1202417 -5.6681674 -5.6671552 40.9641091 40.9645534
1204517 -5.6653046 -5.6651429 40.9623936 40.9625295
1204867 -5.6623006 -5.6620596 40.9628493 40.9630727
1205306 -5.6553984 -5.6553652 40.9704881 40.9705125
1206496 30.2897595 30.2900163 59.9198777 59.9200494
1206757 -5.658123 -5.657958 40.9665811 40.9666908
1207546 30.2927224 30.2933782 59.9224944 59.9230096
1207597 30.2887881 30.289989 59.9232226 59.9239078
1207807 -5.6586506 -5.6583648 40.9623214 40.9624393
1208157 -5.6580333 -5.6576887 40.9644834 40.9647141
1210047 -5.6653544 -5.6650208 40.9687459 40.9688909
1210906 5.4966833 5.4967453 47.0925725 47.0926172
1211676 14.5287456 14.5289428 48.3959048 48.3960059
1212866 2.3221563 2.3222215 48.8407257 48.840762
1213916 14.518201 14.518424 48.3927553 48.3929035
1214737 -5.6603115 -5.6600521 40.9623747 40.9626242
1215367 -5.6662557 -5.6659785 40.9647401 40.9648955
1215876 -1.6719248 -1.6718549 48.1044962 48.1045391
1223067 13.3624803 13.3634258 38.105748 38.1067953
1223837 -5.6540007 -5.6537737 40.9733287 40.9734981
1223977 -5.6540944 -5.6539429 40.9731495 40.9732987
1224537 -5.6569319 -5.6564308 40.9718362 40.9720844
1224957 -5.6727518 -5.6726275 40.9626456 40.9627272
1225046 9.7078966 9.7083623 45.712166 45.7123972
1225797 -5.8549855 -5.8536693 43.3631538 43.3642684
1226236 16.1851631 16.1853838 47.7134356 47.713598
1226567 -5.6609016 -5.6605913 40.9637907 40.9639842
1226726 14.0074776 14.0076378 48.1686696 48.168779
1227057 -5.6644765 -5.6642891 40.9638889 40.9640011
1227337 -5.6582252 -5.6579696 40.9756077 40.9758321
1228177 -5.6544395 -5.654209 40.9736878 40.9738795
1228896 3.8684748 3.8685922 43.6069039 43.6069776
1229297 -3.7034141 -3.7030734 42.3419246 42.3422582
1229997 -5.6701281 -5.6697657 40.9801751 40.9803326
1230627 -5.6685803 -5.6683981 40.9799289 40.9800403
1231537 -5.6588251 -5.658123 40.966429 40.9666676
1232027 11.4520302 11.4531048 47.2848136 47.2855442
1241197 1.0873457 1.0898441 49.4350636 49.4365238
1241687 -5.6680575 -5.6677973 40.9619699 40.9622057
1242387 13.5201579 13.5205656 38.082908 38.0832468
1244417 -5.6617922 -5.6616054 40.9727889 40.9729792
1244436 -5.6618621 -5.661808 40.9728939 40.9729287
1244557 -5.6618056 -5.66132 40.975761 40.9761072
1244907 -5.6562215 -5.6558871 40.9763345 40.9765375
1246027 -98.3384659 -98.3383351 49.1321302 49.1321804
1247357 6.6126898 6.6165734 46.5117758 46.5131617
1252906 -5.6586595 -5.6585861 40.975345 40.9754012
1254217 4.9038608 4.9042582 45.7075458 45.7078477
1256966 53.9866229 53.9870227 57.0520556 57.052273
1261637 1.408979 1.4099949 43.5335866 43.5342278
1264036 4.8694687 4.8695164 45.7728563 45.7728944
1265067 37.6217229 37.6225819 55.7552488 55.7557466
1266607 37.6258987 37.6268904 55.7563865 55.7570799
1267886 4.878775 4.8788664 45.7628038 45.7628397
1267937 4.8816373 4.8818394 45.7687728 45.7690332
1268427 -5.6521554 -5.651836 40.9732338 40.973474
1269267 14.01714 14.0176191 47.9680758 47.9684312
1270107 -5.6644641 -5.6643171 40.9634129 40.9635514
1271927 6.6072381 6.6076849 46.5127381 46.5128236
1272487 -0.4723378 -0.4720218 47.5201537 47.5203532
1274867 37.5773547 37.5788311 55.7804681 55.781341
1278297 37.5863041 37.5874029 55.7886076 55.7909422
1282077 6.6297106 6.6300168 46.5202011 46.5204187
1283146 15.4336158 15.4337768 47.0723134 47.0724463
1283757 -8.5284267 -8.5272193 42.8807421 42.8816312
1283967 6.6273659 6.6276164 46.5233272 46.5234443
1286296 12.1380392 12.1383051 42.7316223 42.7317574
1289166 6.1479746 6.148076 46.1996764 46.199756
1289637 6.4951458 6.4964223 46.5107981 46.5117494
1291667 13.370022 13.370948 38.1193193 38.1199437
1298947 11.3019829 11.3029018 50.9874953 50.9881209
1307716 20.496539 20.4971708 54.721226 54.7215188
1309587 13.9809439 13.9818354 48.0512707 48.0517569
1314137 8.4223611 8.4227919 45.3282014 45.3286279
1314646 7.8234095 7.8242125 48.0019809 48.0025252
1317287 37.4653801 37.4654481 55.7723217 55.7723614
1320367 39.6342273 39.6346172 47.2054707 47.2057925
1328856 6.8675953 6.867977 51.1865671 51.1868078
1329957 7.0276179 7.0282976 49.1543284 49.1555381
1330046 16.4898951 16.4902809 48.5358301 48.5360787
1332057 -4.8583784 -4.8567478 41.6982558 41.6994908
1333107 11.2833226 11.2844042 48.0911772 48.0917609
1333527 56.0071092 56.0095254 54.7199943 54.7212744
1333667 21.944498 21.9453564 51.3205483 51.3209994
1333877 20.5259068 20.5270413 54.7111525 54.7116022
1338357 39.7145141 39.7147343 47.2204334 47.220688
1338376 10.8890115 10.8894921 48.3667522 48.367047
1338726 20.4614982 20.4619489 54.7347694 54.7349627
1339057 13.417377 13.4183033 51.7921032 51.7924458
1339197 37.5906497 37.5932459 55.7934712 55.7952888
1342767 39.7007378 39.701857 47.2143375 47.2152869
1346267 37.6594041 37.6605118 55.8184829 55.8189446
1353267 39.6298801 39.6301918 47.2031159 47.2033294
1354457 16.3430547 16.3440462 48.2231149 48.2239211
1354737 -4.235937 -4.2350899 47.8578763 47.858452
1355157 20.14611 20.1470403 46.253492 46.2541443
1358377 16.3547086 16.3549228 56.6632739 56.6636079
1358517 16.186836 16.1882262 58.5908066 58.5916137
1362106 14.1023175 14.10247 48.0895358 48.0896248
1363086 -0.1763321 -0.175689 51.4662452 51.4668135
1363907 39.7069348 39.707369 47.2823254 47.2826447
1364117 16.3188719 16.3190577 56.6661247 56.6662846
1365116 9.7731364 9.7733589 48.0962763 48.0964401
1371346 41.4700331 41.4708727 52.7016116 52.7021351
1371957 -123.365934 -123.3646844 48.4281184 48.4285028
1373987 13.5241332 13.5245352 54.1280841 54.1283241
1379797 39.6446531 39.6452768 47.2582455 47.2586778
1379956 14.1580639 14.158403 56.021694 56.0219184
1381267 37.388604 37.3887798 55.8667322 55.8667886
1383017 37.3868136 37.3875854 55.8675899 55.8684524
1389877 37.5935823 37.5938186 55.7718747 55.7720332
1391277 -79.6209848 -79.6199478 43.6123301 43.6132092
1391557 37.5939558 37.5950889 55.7731023 55.7737363
1394637 1.4545919 1.4547095 41.3160693 41.3161814
1395496 17.1545152 17.1561809 60.6685999 60.6692221
1399696 39.7677589 39.7680386 43.5635633 43.5637629
1401987 31.1652344 31.1679877 27.1839056 27.1856757
1403387 31.1636693 31.1655666 27.1856248 27.1863239
1404106 30.2919061 30.2921098 59.9327402 59.93287
1404157 30.2873032 30.2883497 59.929131 59.9296589
1404227 9.8001813 9.8019814 53.1199244 53.1211738
1410877 10.0452216 10.0462724 53.5827352 53.5832737
1411927 8.0685797 8.0702766 50.0481455 50.0489665
1412767 13.9431244 13.9437646 48.2595142 48.2600478
1415777 37.5959809 37.5965302 55.7753805 55.7757063
1417107 72.6148306 72.615958 61.0905038 61.0910531
1417597 37.59506 37.5951978 55.7767091 55.7767896
1417807 9.975896 9.9768467 49.7839382 49.7843668
1418927 16.3503834 16.351453 48.2055437 48.2060335
1419086 12.6891313 12.6893783 56.0508176 56.0509913
1419557 -3.6970548 -3.6968524 40.3574173 40.3575027
1421027 37.6013865 37.6014422 55.7701007 55.7701324
1422077 23.6456255 23.6473045 52.1049924 52.1058067
1422917 -4.4416302 -4.4411475 36.6996342 36.7001151
1426576 2.0830186 2.0833464 41.3159073 41.316606
1428167 37.6049566 37.6050401 55.769208 55.7692651
1428867 37.6049835 37.6052945 55.7669548 55.7673224
1432577 10.4988823 10.4995295 52.2350941 52.2354935
1437496 -0.0650316 -0.064847 51.5159898 51.5160976
1437967 10.0213666 10.0226266 53.5570197 53.557686
1438667 1.9795032 1.9795995 41.5565134 41.5567374
1438756 18.0234841 18.0248351 59.3096376 59.3104551
1438807 17.0843615 17.0846032 51.0640421 51.0643914
1439036 -7.7979362 -7.7977519 38.2077495 38.2078976
1440506 16.9452747 16.9453561 51.0979543 51.0980052
1441626 -2.7865805 -2.7858283 54.0075362 54.0078916
1442237 17.0313107 17.0316916 51.1081602 51.1085143
1442937 16.9544359 16.9553488 51.1161161 51.1169408
1447487 16.9408997 16.9413311 51.1498029 51.1501215
1451197 37.6064471 37.6069664 55.7498111 55.7502884
1460647 69.1674623 69.1680755 41.3344377 41.3350013
1462846 0.6160574 0.6163608 41.6168707 41.6169764
1465827 2.8000779 2.8003172 41.9750511 41.9752313
1465897 2.7981206 2.7983029 41.975384 41.9754838
1467246 14.0302933 14.0307561 48.2215255 48.2217683
1468296 19.2542475 19.2545771 50.0362352 50.0365858
1469146 0.6177814 0.6181877 41.615064 41.6152232
1469187 2.6210536 2.6211774 41.9693368 41.9695808
1469286 0.6144404 0.6149004 41.6123853 41.6127198
1469356 0.6176143 0.618037 41.6129499 41.6134735
1471567 11.9421255 11.9430499 57.7208878 57.7216098
1477956 13.3679834 13.368189 52.5300034 52.5301164
1479337 0.6200732 0.6204875 41.6112457 41.611618
1479366 0.6164042 0.6167888 41.6114763 41.611657
1479436 0.6152723 0.6155617 41.6107867 41.6109917
1479716 0.6190961 0.619271 41.6172124 41.6174273
1479786 0.6201253 0.6204158 41.6163208 41.6164603
1480626 0.6190992 0.6193187 41.617796 41.6180309
1481746 0.6141442 0.6144503 41.6156248 41.6158062
0 0 0 0 0
1485217 -93.5893831 -93.5880667 41.7450394 41.7460131
1485376 -70.5065024 -70.5062553 47.4386216 47.438755
1490537 38.2444755 38.2459307 55.5714648 55.5719667
1491406 0.6182218 0.6184966 41.6080933 41.6083003
1493986 13.38008 13.3802904 52.5219229 52.521977
1494266 12.371145 12.371289 55.293942 55.294022
1494317 12.374131 12.374814 55.320158 55.320568
1507687 38.0171007 38.0172871 44.5682779 44.5684257
1508247 -97.1358583 -97.1348384 49.8077824 49.8083318
1509736 19.0799193 19.0801364 47.5005888 47.5007417
1512937 9.526508 9.529974 55.502885 55.503852
1512956 9.64773 9.647942 55.57234 55.572514
1513007 9.706798 9.7091 55.56292 55.563956
1513026 9.457745 9.457856 55.414169 55.414238
1513147 9.709706 9.71101 55.535676 55.536544
1513217 9.712232 9.714448 55.562999 55.563992
1513287 9.520209 9.520535 55.481669 55.481866
1513427 30.317492 30.3185016 59.9291355 59.9295881
1513917 -76.7241466 -76.7232568 39.3729634 39.3736038
1514076 13.8599396 13.8600835 48.0455485 48.0456501
1524226 8.9287752 8.9289778 44.4092089 44.4092554
1524557 -0.1255874 -0.1243993 51.522297 51.5229422
1524837 30.3205056 30.3219241 59.9292865 59.9299653
1525327 6.6336472 6.633894 46.5259463 46.5261953
1528267 13.3582857 13.3587681 52.5228938 52.5232489
1529346 0.6142471 0.6145662 41.6178316 41.6180711
1529416 0.617603 0.6178635 41.6211934 41.6213501
1529527 0.6150908 0.615221 41.6201477 41.6202523
1531856 15.4322625 15.4327292 47.0679314 47.0681378
1535967 37.6637172 37.663878 55.8608609 55.861082
1536387 6.3047812 6.3054256 51.5096831 51.5100649
1540937 -75.6275743 -75.627483 6.2731097 6.2732052
1541007 -75.6281437 -75.6280522 6.2717802 6.2718648
1541077 -75.6266986 -75.6265856 6.2713096 6.2714254
1541147 -75.6265184 -75.6264442 6.2738333 6.2739186
1541446 16.3694451 16.3696066 48.2078834 48.2079862
1545767 13.4641266 13.4647135 48.5737467 48.5742137
1548077 12.9917953 12.9920879 52.5388316 52.5389684
1549146 16.5897972 16.59008 47.6862566 47.6863632
1550196 16.3757211 16.3758664 48.2098595 48.2099667
1551507 10.0777348 10.0783411 45.5220401 45.5227585
1556267 -123.4154154 -123.4149307 48.6514682 48.6515852
1558017 12.9954853 12.995763 52.5445457 52.5447069
1558437 35.0859634 35.0861408 48.5162225 48.5163861
1560607 34.9100577 34.9111147 48.481674 48.4822946
1564196 9.1729964 9.1731032 51.3222387 51.3223014
1564457 24.0193777 24.0203814 56.9635373 56.9640827
1569796 69.6382626 69.6385049 42.3367902 42.3369764
1569866 14.2425425 14.24297 48.1891791 48.1894427
1570967 35.0872637 35.0881987 48.5058914 48.506168
1576217 -3.2051133 -3.2048655 55.9738181 55.9739447
1576567 39.7517383 39.7523189 43.5644476 43.5659934
1576707 -84.4017587 -84.4005381 39.2540413 39.2548225
1577407 -1.1260603 -1.125831 37.9856636 37.985871
1582937 25.2809755 25.2818269 54.6764116 54.6769572
1584776 8.4772602 8.4773451 49.4893487 49.4894051
1588276 30.3591246 30.3595888 59.9306188 59.9309059
1589727 74.5433449 74.5436537 62.2477717 62.2480165
1591547 -5.6786378 -5.6782676 40.9746947 40.974961
1592037 83.3741288 83.37477 54.4523093 54.4529276
1593036 1.4574867 1.4576692 43.6034966 43.603565
1594067 8.4239886 8.4246235 47.3948632 47.3954985
1594506 1.4438916 1.4440023 43.5959472 43.5959823
1595836 34.9726569 34.9731613 44.8549213 44.855281
1596326 1.4484237 1.4484756 43.5980107 43.598057
1597567 37.77838 37.7785419 55.8968886 55.8969685
1597847 82.9863068 82.9869966 54.9125425 54.912613
1597917 1.2563822 1.2575072 52.6163806 52.6170508
1598267 -5.6683123 -5.6681041 40.9520336 40.9521162
1601506 -0.6827029 -0.6824098 52.1732735 52.173346
1601557 8.6092416 8.6102158 49.6683129 49.6692707
1601837 -5.6619653 -5.6616343 40.9511188 40.9513682
1602817 94.5780104 94.5794084 56.1083792 56.1094765
1603027 37.3072972 37.3074966 55.8991443 55.8993092
1603517 1.4451163 1.4454301 43.5943004 43.5945007
1605477 11.2585121 11.2591648 43.7669384 43.7673687
1607087 27.5408323 27.5446482 53.9528649 53.9547751
1607507 37.5872453 37.5879254 55.7714959 55.7718691
1608296 55.104568 55.1053878 51.7551471 51.7554866
1610797 -5.6717743 -5.6709141 40.9454663 40.9457617
1610937 26.2261532 26.2268386 50.6220344 50.6224913
1610956 13.4725589 13.4728222 52.5166124 52.516744
1612617 74.5417449 74.542041 62.2489851 62.2490536
1616906 -1.1521442 -1.1519 52.9543444 52.9544279
1621246 69.648115 69.6484284 42.3178682 42.3180392
1621927 13.9903687 13.9906959 48.4829159 48.4831315
1623206 13.9832457 13.9834418 48.5063981 48.5065884
1627737 4.6990938 4.700126 50.8745676 50.8752231
1628297 9.6747881 9.6757197 45.6993042 45.7002882
1630397 4.774434 4.774773 45.762347 45.762842
1630626 142.783608 142.7840657 46.635478 46.6357767
1631867 4.787213 4.789155 45.784159 45.78525
1639007 28.3490452 28.3507202 57.8317672 57.8326163
1642437 35.0503198 35.0512605 48.5315569 48.5318855
1643627 -76.7821141 -76.7814472 39.0987016 39.0994257
1648667 29.7605188 29.760761 59.9153646 59.915653
1651257 2.6697494 2.6698559 41.9618748 41.9619833
1651346 19.8512247 19.8512838 39.6434589 39.6435212
1651986 0.5892265 0.5895378 41.5603013 41.5605419
1652587 37.8704614 37.8720258 59.1363553 59.1371769
1654897 5.4929372 5.4933598 47.0918419 47.091977
1655807 -5.6676809 -5.6674227 40.9601798 40.9604601
1656087 37.4552908 37.4557834 55.7792856 55.7799465
1664207 7.1520626 7.1523259 46.8011317 46.8013258
1666097 55.1928016 55.1934842 25.1074436 25.1080123
1668426 2.4722869 2.4723478 48.8252738 48.825307
1668547 16.436263 16.4365198 53.317159 53.3173465
1668757 55.6515222 55.6531491 24.1962427 24.1974473
1669457 -76.7147761 -76.713544 39.2343255 39.2351685
1669597 11.5811391 11.5819695 48.1862835 48.1864865
1670647 26.1094315 26.1108073 44.424689 44.4260206
1687466 33.8352245 33.8356413 27.0977158 27.0981042
1689057 37.4998427 37.5004164 55.887547 55.8878074
1689197 2.1678313 2.1703588 41.384724 41.3855865
1689496 -5.7488881 -5.7486092 41.5016198 41.5018568
1703407 9.9374438 9.9385785 51.5426073 51.5433361
1704807 12.4802799 12.480721 41.8943371 41.8946205
1705997 12.4774266 12.4778958 41.8938782 41.8942393
1713506 -2.4492306 -2.4488981 42.4664632 42.4666211
1715307 12.0938458 12.0963777 54.0841107 54.0858531
1715867 6.634082 6.6343259 46.5228372 46.5230717
1717057 19.0886799 19.0891909 47.5349439 47.5354811
1724687 10.0824823 10.0833247 45.5226571 45.5233877
1727837 51.915715 51.9164769 47.1094874 47.110246
1730096 30.2937809 30.294101 59.957526 59.9576697
1735537 9.2065388 9.2071313 50.0164411 50.0166962
1738197 1.4541448 1.4543802 43.5922647 43.5926297
1742117 36.3221404 36.3227328 56.7034088 56.7037278
1742346 19.0681183 19.0683793 47.5255643 47.525664
1744567 0.223275 0.2246721 49.487687 49.4881877
1744917 19.0656436 19.0662027 47.5254282 47.5258416
1745827 12.1080187 12.1085958 42.7189712 42.7193995
1748277 11.75113 11.7520572 53.0042977 53.0047281
1750237 2.6209388 2.6231849 39.708496 39.7095566
1750377 12.9356401 12.9358255 52.5436912 52.5437745
1751427 12.9529472 12.9534969 57.7280423 57.7282705
1751707 18.0540312 18.0564649 59.3385063 59.3394975
1753177 12.4912382 12.4916314 41.8682972 41.8685523
1754666 9.002162 9.0023572 45.6555445 45.6556559
1755716 19.08543 19.0856495 47.5647832 47.5651438
1757167 37.6761199 37.6768075 55.8697599 55.869954
1762837 16.5890591 16.5894629 47.6843169 47.6844892
1764956 7.576548 7.5769164 50.416793 50.4170574
1765077 20.63614 20.6363439 54.3865079 54.3866215
1765497 19.1107013 19.1114455 47.5766292 47.5770202
1765656 7.0069855 7.007502 49.2313319 49.2319001
1765917 2.6228756 2.6230603 41.9666694 41.966763
1769067 13.9560021 13.9565698 48.0294969 48.0298972
1769996 12.4876649 12.4876758 41.8868915 41.8868999
1770677 23.8934713 23.8955721 61.4908304 61.4924085
1774336 12.0685896 12.0691037 51.0184676 51.0188229
1782036 13.9186342 13.9187638 47.9706588 47.9707438
1784047 35.2479528 35.2489333 54.7462702 54.7468694
1785867 -117.1490897 -117.1480607 32.7315611 32.7319867
1790767 51.8431386 51.8444687 55.6535719 55.6546383
1793866 16.1598136 16.1599201 47.7013949 47.7014544
1794477 -3.4624065 -3.46209 40.4528106 40.4530281
1794547 24.4458139 24.4473553 52.5560901 52.5567836
1801916 51.8311425 51.8316364 55.6592192 55.6595017
1802177 30.3023251 30.3025218 59.9161183 59.9162463
1806046 174.8927059 174.8928134 -36.9724224 -36.9723555
1807236 5.919094 5.9193006 45.593303 45.5934472
1809947 39.7090593 39.7093202 47.218939 47.2191782
1825786 4.0846294 4.0848072 50.9697226 50.9698407
1828236 27.4470853 27.4474477 53.9090331 53.9092564
1828567 3.659075 3.6600575 43.3964268 43.397158
1828586 12.5985834 12.5998217 55.667299 55.6679162
1830317 0.374023 0.374227 49.756895 49.757042
1834517 12.5153112 12.5155088 41.8834194 41.8835565
1836407 12.3965535 12.3985276 51.3229167 51.3237374
1839417 37.6584226 37.6585426 55.7508181 55.7508821
1839487 30.2586125 30.2606891 59.9387518 59.9395579
1840327 37.6544488 37.6546216 55.748086 55.7481417
1841237 -78.8235425 -78.8217757 36.0715469 36.0729118
1841447 11.0770715 11.0780243 49.4548778 49.4556223
1842077 12.489578 12.4896088 41.8901007 41.8901262
1843006 0.230044 0.230129 49.421646 49.421703
1844947 30.1026909 30.1029528 59.5599519 59.5600943
1847607 4.3664045 4.367621 50.8312699 50.8319876
1849147 83.0853271 83.0857263 54.7668137 54.7673614
1850057 37.5940882 37.5946892 55.7374492 55.7377511
1851336 9.6829674 9.6833108 47.5550694 47.5553063
1853627 32.3008411 32.3010501 59.9924369 59.9925228
1854346 139.7658685 139.7661216 35.7109444 35.7112521
1857407 13.9864606 13.9869887 47.9844622 47.9848324
1862167 12.4864719 12.486618 41.8871598 41.8872764
1862377 8.3432206 8.3443161 49.6405499 49.6415552
1863287 -84.7204902 -84.7192978 39.0288945 39.0300599
1865476 13.9594807 13.9595913 48.0055023 48.0056488
1866787 -8.8855736 -8.8852323 42.7848303 42.7850785
1867487 -88.8208567 -88.8199777 30.4119301 30.4130147
1868257 -88.5194183 -88.5186344 30.6572841 30.6576418
1868327 12.2515289 12.2519933 45.6694693 45.6696302
1868346 12.2509108 12.2509442 45.6695039 45.6695226
1868696 12.2185993 12.218758 46.1386999 46.1387741
1868906 10.9976448 10.9983245 45.442742 45.4430911
1868957 12.2416163 12.2421732 45.6646969 45.6651031
1868976 12.2325533 12.2326424 45.6670981 45.6671647
1869027 12.2421794 12.2426967 45.6622262 45.6629021
1869097 -71.4466088 -71.4447599 42.2616614 42.2631328
1869657 16.3934301 16.3938596 48.2076311 48.2079534
1870637 -88.6891663 -88.6887973 30.5424633 30.5427838
1874837 10.2253973 10.2262129 44.7273163 44.7278184
1876867 10.1659994 10.1666293 47.3425138 47.3430103
1877147 12.5018365 12.5019861 41.8876099 41.887694
1877637 11.9697697 11.9703421 55.8262996 55.8266047
1878477 12.4981778 12.4988158 41.8887889 41.8891215
1889607 9.0080401 9.0085646 50.4154497 50.4158062
1894717 -8.8888566 -8.8887436 42.7832042 42.7832688
1894857 12.4966602 12.4967478 41.8897534 41.8898458
1896887 -8.8878372 -8.8876846 42.7832418 42.7833948
1898987 30.2816908 30.2829171 59.9141487 59.914579
1899687 12.4882813 12.4883537 41.8939995 41.89406
1901437 -88.6422204 -88.640676 30.3686958 30.3699732
1901997 76.5913715 76.5924547 66.0807581 66.0810909
1902366 14.042783 14.0429449 48.0546667 48.0547927
1902417 -8.8881778 -8.8880503 42.7828848 42.7830087
1903397 -88.5528576 -88.5528124 30.3972621 30.3973066
1904797 76.6142086 76.6147485 66.0794852 66.0798317
1905707 -88.5492403 -88.5487801 30.3615274 30.3619877
1905777 -88.5578962 -88.5577648 30.3668128 30.3671079
1905987 13.8344054 13.8345621 42.0573273 42.0574491
1906337 -8.8926132 -8.8924271 42.7771333 42.7772649
1906547 -88.5369479 -88.5365579 30.3744159 30.3746366
1906776 2.326954 2.327051 49.899343 49.899393
1906827 13.8311473 13.8313469 42.0584912 42.0586156
1907387 8.9516063 8.9521385 44.4187817 44.4191773
1909627 -8.8942917 -8.8941592 42.7925271 42.7925732
1912007 -8.8937352 -8.8934244 42.7776137 42.7778146
1912497 -8.8907963 -8.8906604 42.7782511 42.7783212
1914317 13.8335939 13.8337543 42.0546474 42.0547651
1914387 13.8409366 13.8410991 42.0609638 42.0610869
1918657 16.4008437 16.4013053 48.1980944 48.1983405
1919007 39.7078064 39.7085401 47.2133207 47.213803
1919077 39.7051065 39.7056809 47.2120679 47.2126982
1919497 -118.3561768 -118.3554668 46.0533029 46.0535985
1921737 13.8405109 13.8407113 42.06463 42.0647564
1932237 16.375607 16.3764427 48.1994042 48.2001013
1935107 -84.0553706 -84.0537452 39.6935327 39.6949904
1940217 12.2981938 12.2983891 45.5561168 45.5562858
1940917 9.5516301 9.5520017 56.1787475 56.1789062
1946447 13.8528158 13.8535472 48.0418339 48.0423692
1950227 2.1603904 2.1606749 41.3719061 41.3720145
1952607 -1.3527753 -1.3521726 51.421638 51.4218999
1952747 -8.8875041 -8.8873822 42.7836021 42.7837013
1953447 2.773372 2.773726 50.286153 50.286335
1953466 2.77397 2.774262 50.294937 50.295078
1958907 14.0464664 14.0470449 48.0475073 48.0479494
1963107 -75.5252843 -75.5243896 40.0522769 40.053047
1965366 -2.760217 -2.760129 47.654694 47.654733
1965417 12.0388182 12.0395299 48.4923358 48.4928498
1968357 39.7005039 39.7011093 47.220598 47.2208873
1970037 39.7022352 39.7026812 47.2186061 47.2188316
1970756 28.3416434 28.3417636 57.7870492 57.7871172
1970896 10.8454381 10.8456394 45.3519773 45.352119
1971997 11.7584402 11.758842 45.7954877 45.7958498
1972156 12.2044033 12.2046653 45.7219685 45.7221469
1972907 -73.9123426 -73.9120979 42.7834063 42.7835475
1973117 -8.8829799 -8.8827589 42.7864501 42.7866544
1975217 -122.6298064 -122.6288891 45.4972199 45.498034
1976477 83.0841129 83.0847859 54.7677142 54.7679687
1977546 -5.6922551 -5.6920995 40.9919391 40.99206
1977807 -8.8883311 -8.8882327 42.7834993 42.7836271
1980817 -65.3634395 -65.3623715 -41.6122879 -41.611125
1982427 -8.8859928 -8.8857634 42.7811036 42.7813054
1982726 6.8002081 6.8004096 51.2478102 51.2479923
1983967 9.6473198 9.6479557 45.6934656 45.6938462
1984597 -8.8845942 -8.8843281 42.7795402 42.7797708
1987887 13.8753726 13.8755231 42.1010517 42.1011895
1999666 14.4983985 14.49855 35.9152227 35.9154883
2002657 11.3317422 11.3323561 44.5015898 44.5018644
2003217 12.0075115 12.0078651 42.0622785 42.0625433
2005667 11.3293084 11.3306048 44.4977287 44.4984213
2006927 11.3520319 11.3523765 44.4944616 44.4946899
2007016 11.347508 11.347578 44.4933246 44.4933985
2007557 11.3389198 11.3395043 44.4932836 44.4937643
2007786 11.3509656 11.3510471 44.4953899 44.4954457
2007837 29.7583194 29.7584973 59.9110346 59.9111293
2008607 39.7044343 39.704908 47.2175158 47.2176697
2010427 11.3439806 11.3445095 44.4941005 44.4945246
2010567 11.3406221 11.3411023 44.4913064 44.4916155
2010726 11.3470495 11.3471603 44.5159201 44.5159875
2011337 12.8615451 12.862069 45.5891878 45.5896898
2012107 11.3789272 11.3792255 44.5092176 44.5095264
2012807 10.7954528 10.7958938 44.5535952 44.5538904
2012896 -155.0398281 -155.0393376 19.7143768 19.7145261
2012947 11.3452961 11.3456684 44.4985069 44.498738
2012966 11.3562567 11.3563581 44.5072434 44.5072956
2013157 10.7836372 10.7845101 44.5392185 44.5398435
2013297 9.1736903 9.1753696 45.1833517 45.1851873
2013386 9.1401453 9.1402299 45.1890635 45.1891075
2013526 9.1588424 9.1590356 45.1843634 45.1845
2013596 9.1526223 9.1526681 45.1875803 45.1876109
2013857 30.2459252 30.2465338 60.0111823 60.0114492
2013946 9.1587072 9.1589342 45.185461 45.1856247
2014137 9.1563319 9.1567166 45.1827997 45.1829987
2014786 12.4516129 12.4517031 41.874712 41.8747791
2014977 10.9217363 10.9223473 44.5679402 44.5682691
2015136 11.3476057 11.3476392 44.4881169 44.4881753
2015467 13.5329 13.5340397 52.431687 52.4323772
2016447 39.6997467 39.7000832 47.2173183 47.2175778
2016867 20.2193801 20.220417 63.8401603 63.8407524
2017077 11.3397023 11.3401616 44.4868582 44.48734
2017287 11.3551205 11.3554753 44.4923461 44.4925182
2017427 11.3507343 11.3512596 44.4900118 44.4904206
2017446 11.3506693 11.3507357 44.4878256 44.4878682
2017497 6.183542 6.184705 48.685504 48.686414
2019947 11.3440445 11.3443843 44.4871851 44.4873642
2020017 11.3195365 11.3198316 44.4895615 44.4897573
2021767 28.5650148 28.5651336 60.7683844 60.7684429
2022117 11.6354799 11.6366668 44.4739275 44.4746431
2023676 -0.1140703 -0.1138189 51.5069284 51.5070832
2024936 11.3675083 11.3675923 44.493003 44.4930642
2024987 11.365035 11.3654179 44.4872003 44.4874588
2026107 39.7220056 39.7227983 47.2240431 47.2243186
2026877 11.3880151 11.3884401 44.4950384 44.4956215
2026947 11.3843883 11.3846834 44.4851262 44.4853417
2027036 11.3641073 11.3642037 44.4836457 44.4837156
2027997 35.5086764 35.5087584 50.1388836 50.1389261
2028067 35.5316601 35.531806 50.1672528 50.1673437
2028137 35.5234289 35.5234997 50.1542172 50.1542556
2028207 35.5248644 35.524974 50.1603931 50.1605135
2028277 35.4880998 35.4882806 50.1601676 50.160211
2028347 35.480452 35.4805937 50.162798 50.1628752
2028417 35.5076315 35.5077764 50.1607381 50.1608296
2028487 35.5221573 35.5222307 50.1616762 50.161739
2028557 35.4989921 35.4990495 50.1584262 50.1584481
2028627 35.5426636 35.5428665 50.1566573 50.1567898
2028697 35.5231919 35.5233335 50.1587135 50.158788
2028767 35.5334402 35.5335755 50.163934 50.1640685
2028837 35.5497582 35.5499789 50.1676896 50.1677995
2028907 35.5494922 35.5495469 50.1578354 50.1578675
2028977 35.4953506 35.4954339 50.1594736 50.1595323
2030937 11.3705915 11.3708845 44.4814677 44.4816874
2031007 11.3692089 11.3695356 44.4806596 44.4809633
2031077 11.3724643 11.3727303 44.4683958 44.4686408
2031147 11.3596857 11.3599965 44.4811689 44.4813933
2031166 11.3635858 11.3636817 44.4753861 44.4754617
2032407 11.3565546 11.3567238 44.5338135 44.5339467
2032477 11.423232 11.4247367 44.4908983 44.4919367
2032496 11.3881168 11.3882744 44.4727541 44.4729321
2032617 11.3669694 11.3672014 44.4735993 44.473764
2032636 11.3804328 11.3804536 44.468467 44.4684847
2032757 11.3417045 11.3422106 44.4802006 44.4813834
2032776 11.3486361 11.3488101 44.4797563 44.4798962
2032897 11.3725963 11.372858 44.4664061 44.466589
2032916 11.3696265 11.3696777 44.4600642 44.4601166
2033686 56.8046646 56.8051437 59.6770821 59.6773785
2034647 11.3214549 11.321823 44.4866874 44.487171
2034806 11.4191134 11.4195717 44.5221736 44.5226015
2035067 11.3590003 11.3592941 44.4487794 44.4490201
2035156 11.3369194 11.3369542 44.4780791 44.4781044
2037466 10.8463587 10.8466807 44.5761406 44.576262
2043747 12.0115327 12.0130028 57.7179653 57.7186443
2044867 39.7279304 39.7280677 47.2209622 47.2210796
2046057 39.726634 39.7272795 47.225785 47.2261287
2047317 13.8351852 13.8353626 42.0983266 42.0984594
2050327 12.4910431 12.4911015 41.8631218 41.863167
2051657 12.4855366 12.4857165 41.8957177 41.8958502
2053006 11.8738385 11.8744332 44.28974 44.2900931
2053127 11.8790252 11.8800272 44.283654 44.2846089
2053197 11.8802232 11.8807283 44.2804227 44.2807857
2054037 29.7566064 29.7568847 59.9183783 59.9185354
2054947 12.4847008 12.4847881 41.8980209 41.8980724
2060706 19.9428252 19.9430764 50.0664609 50.0665913
2060967 11.4147234 11.4160532 44.513183 44.5138523
2062437 29.7753533 29.7760609 59.9151304 59.9153298
2062456 11.2729428 11.2731168 44.4730188 44.4731206
2063926 12.3037493 12.3039246 45.9787365 45.9788581
2063977 39.7314299 39.7326404 47.2282754 47.2286997
2063996 11.491369 11.4915827 44.6259958 44.6261052
2064957 -0.445797 -0.4438082 53.7715547 53.7725624
2065237 3.0485019 3.0495244 36.7937176 36.7945498
2066217 11.1901433 11.1907525 44.6389247 44.6392911
2066236 11.1868133 11.1869756 44.6385751 44.6386842
2067617 12.2427479 12.2430777 44.141104 44.1413619
2068107 16.5059292 16.5074453 59.6228069 59.62408
2069596 11.2506873 11.2508239 44.7644838 44.7646045
2072186 -75.5743046 -75.5735536 38.3493969 38.349796
2072587 11.2394428 11.2398716 44.5721825 44.5727261
2073777 -75.5966727 -75.5966398 38.3892155 38.3892402
2081757 18.0250851 18.0264051 59.3446745 59.3455174
2085537 -7.3034614 -7.3031488 43.5607273 43.5609749
2090577 24.3242322 24.3245627 50.8416264 50.8418726
2093167 51.5216174 51.5220497 25.6852246 25.6857853
2095267 11.2063505 11.2067547 44.2403935 44.2408023
2096107 -77.3007486 -77.3002598 38.8819982 38.8825918
2096597 11.1241876 11.124723 44.4070051 44.4074346
2099976 14.1666577 14.1668267 42.3487942 42.3489472
2101707 12.5203491 12.52088 41.8715722 41.8718752
2101796 -78.4991741 -78.4989959 37.9964958 37.9966649
2103387 16.4205707 16.4214612 48.2273365 48.2279517
2106537 -3.5705263 -3.5682972 40.4655291 40.4705455
2113747 12.2047088 12.2062111 44.4173423 44.4178391
2119716 7.5857835 7.5871033 50.3502227 50.3509434
2122586 -118.5291472 -118.5287235 34.2412786 34.2417003
2127467 11.2865902 11.2875994 44.5282979 44.5289337
2130197 12.5031711 12.5032153 41.8866486 41.8867357
2135046 4.5733979 4.5736461 50.9064919 50.9066499
2146176 12.345165 12.3452339 44.2861258 44.286192
2149167 139.5388219 139.5390071 35.3563919 35.3564727
2153367 24.1200899 24.1209011 56.9522358 56.9527125
2155607 12.920082 12.920624 55.581668 55.5819806
2156517 37.600212 37.6011616 55.7467708 55.7472381
2163816 3.0427053 3.043017 45.9046485 45.9048844
2164917 2.145811 2.146134 41.4070385 41.4072807
2169187 43.9924479 43.9925939 56.2714608 56.2715622
2173126 -87.7296516 -87.7294841 41.9538867 41.9542857
2174787 9.5334254 9.5344786 55.7061088 55.7065748
2178287 11.8002981 11.800949 45.7047251 45.7051569
2180807 -87.7927157 -87.7906979 41.9834797 41.9852428
2182856 45.1782775 45.1786334 54.1853219 54.1858987
2183696 -1.3968492 -1.3967804 50.9160655 50.9161153
2183817 6.119421 6.1200993 50.7698671 50.7703439
2188157 2.2992389 2.2995979 48.8389246 48.8392239
2193967 -93.1362501 -93.1349707 44.952258 44.9529338
2195596 -76.5970481 -76.5962943 39.4592825 39.4597473
2196977 13.7720329 13.7743509 51.1281249 51.129697
2201196 -87.6871363 -87.6867053 41.8493345 41.849549
2201317 30.3227112 30.3231102 59.9809438 59.9811891
2203837 10.8597685 10.8602676 44.7598175 44.7601062
2204766 8.4212381 8.421698 45.3234775 45.3237807
2206357 16.0972038 16.097523 47.1431171 47.1433123
2209246 11.0667598 11.0669119 44.8857535 44.8858718
2210977 -88.9142994 -88.913686 30.4366493 30.4366904
2211117 -88.9065196 -88.9064327 30.4017194 30.4018804
2212307 -88.9496513 -88.9496281 30.3950815 30.3951448
2212447 -89.0784231 -89.0782255 30.4697354 30.4700588
2212587 37.4998338 37.5001334 55.3711902 55.3713801
2212657 14.0816844 14.0822123 47.9198757 47.9202536
2212727 -89.0882697 -89.0870418 30.4377738 30.4387797
2212797 -89.0414543 -89.0413795 30.3983856 30.3985053
2212937 -89.0551573 -89.0547367 30.4043272 30.4044784
2213287 23.3866933 23.3882323 42.6615476 42.6624436
2213427 -89.0416929 -89.0413721 30.3901158 30.390335
2216577 -89.114907 -89.113754 30.3658028 30.3667589
2216787 13.6992931 13.6999973 42.6583184 42.6588346
2218047 9.44322 9.4437494 45.0548644 45.0552266
2218206 9.4477749 9.4480696 45.0187587 45.0190368
2218766 10.7369705 10.7371076 44.9388454 44.9388886
2218976 10.6636189 10.6637472 44.9139222 44.9139959
2219746 11.2910366 11.2911476 44.7271748 44.7272546
2220637 10.7242809 10.7246072 44.8409715 44.8412005
2221617 39.7225171 39.7228707 47.2272594 47.2275007
2222737 -2.9445455 -2.9442431 43.2652044 43.2655223
2223017 -0.4379559 -0.4338607 51.4377329 51.441573
2223386 10.8851876 10.8854828 44.7814143 44.7816103
2223526 15.5548152 15.5548837 38.2079667 38.208025
2223927 8.6480047 8.6494121 49.9954135 49.9962234
2224417 11.6102296 11.6113228 44.8302786 44.8312302
2226377 11.6264522 11.6272961 44.8289939 44.8294637
2226396 11.6223323 11.62277 44.8372017 44.8376075
2226447 11.6226887 11.6238985 44.8349765 44.835987
2226587 11.6057672 11.6063166 44.8268622 44.8272941
2226746 11.6043141 11.6045246 44.8638137 44.8639696
2227077 11.6206735 11.6233053 44.840225 44.842008
2227656 11.8816287 11.8820312 44.2889267 44.289211
2228076 10.9369308 10.9370279 44.6458351 44.6459108
2228127 10.9372465 10.9376126 44.6462627 44.646526
2228146 10.9226241 10.9227165 44.6482542 44.648339
2228617 59.6683247 59.668576 55.1333187 55.1334247
2230577 6.1003678 6.1021525 50.7929999 50.7942497
2231977 10.9239144 10.9242094 44.6469868 44.6472464
2231996 10.9266314 10.9266966 44.6491099 44.6491651
2232047 10.9240387 10.9244081 44.6471392 44.6474219
2233046 10.8290399 10.829107 44.7391077 44.739197
2234357 37.4914778 37.4928621 54.0208918 54.021694
2235057 10.7780022 10.7790787 44.7695286 44.770181
2235076 10.7605977 10.7607395 44.7649848 44.7650936
2237367 28.7600076 28.7609036 60.7117029 60.7120539
2238977 10.6353856 10.635661 44.6953892 44.6956303
2239696 10.7754987 10.7756061 44.6041627 44.6042404
2239836 7.213242 7.2134095 51.4827844 51.4829241
2241656 10.6284945 10.6285584 44.7011677 44.7012093
2241987 10.635794 10.636152 44.6964285 44.6967348
2242057 10.6366813 10.6376738 44.6958149 44.6963862
2242356 10.5505991 10.5510691 44.9067496 44.9070672
2242407 10.5262262 10.5270497 44.6910598 44.6918549
2243126 10.5003138 10.5005791 44.7440794 44.7442685
2243177 34.8588284 34.8602316 39.2041014 39.2051296
2245347 30.726329 30.7270768 46.4815611 46.4820876
2245716 9.5040211 9.5040913 45.3136061 45.3136611
2246677 12.5250405 12.5252589 41.8733858 41.8735463
2247027 10.6706968 10.6709782 44.6069588 44.6072012
2247237 10.5907751 10.5910842 44.3934122 44.3938283
2247447 39.732252 39.7329571 47.2300568 47.2304065
2248567 13.7015321 13.7019291 51.0618993 51.0621513
2250406 21.0146001 21.0152152 52.2338612 52.2341788
2251647 11.0325387 11.0331187 44.4816296 44.4820375
2253906 -3.2575737 -3.2574851 47.8158439 47.8159087
